91 93
3 72
17 74
20 16
73 82
48 53
60 22
98 16
100 45
95 34
17 35
64 40
39 57
79 11
23 48
96 38
49 69
59 99
15 93
90 50
97 68
53 28
63 29
30 60
56 73
77 67
13 27
50 73
69 13
47 4
85 5
87 86
55 79
84 97
56 8
29 99
98 10
92 36
8 19
27 62
56 1
9 51
78 96
33 34
77 23
31 6
99 87
18 20
82 95
73 33
36 96
89 2
33 17
71 52
89 68
36 52
58 31
84 39
80 7
56 82
27 58
39 67
44 42
18 69
46 14
52 22
14 94
19 83
100 66
40 28
19 35
84 56
93 92
22 26
57 10
37 35
78 62
25 55
49 63
79 100
26 66
52 47
83 54
46 91
64 49
61 33
72 12
69 30
96 21
70 55
41 11
71 72
