96 76
23 25
98 38
99 60
40 81
73 20
94 2
54 34
27 83
73 5
69 32
20 42
68 49
46 92
14 28
99 85
89 89
1 92
79 31
89 37
97 78
48 62
12 18
63 25
34 37
4 56
85 12
23 19
95 42
24 20
11 6
52 70
94 56
72 84
92 80
39 59
28 64
70 38
43 9
81 18
10 19
45 47
88 83
17 23
78 98
41 28
50 61
42 99
27 74
75 88
50 16
80 30
31 94
31 29
66 12
29 32
47 54
64 22
49 70
63 33
23 75
12 53
75 22
53 15
22 90
11 89
80 7
63 6
21 89
77 36
75 47
65 32
85 78
5 85
64 86
24 73
86 18
52 85
37 99
5 33
54 25
90 4
93 27
59 86
99 24
38 47
38 92
6 78
86 58
23 22
2 55
96 18
37 1
60 44
12 85
85 61
89 70
