229 350
652 182
418 796
803 665
620 822
41 247
276 48
537 463
402 900
104 338
286 786
391 735
639 12
482 446
104 225
572 756
501 967
27 661
434 100
84 326
103 221
900 489
215 151
676 236
351 211
233 87
901 583
126 53
448 383
692 131
696 556
753 183
431 826
903 800
217 555
418 298
716 238
467 603
323 385
740 267
64 748
455 514
877 577
686 730
744 832
388 127
403 308
531 519
735 952
141 231
627 113
891 834
364 635
32 968
209 411
679 201
924 237
997 149
526 58
207 4
692 705
249 386
993 347
950 844
134 315
265 131
465 221
933 433
431 832
701 279
401 748
921 978
872 713
918 973
196 882
359 698
277 103
33 688
31 105
632 318
409 955
59 894
183 506
948 667
50 606
293 464
177 315
544 766
642 756
236 955
580 878
52 547
194 196
50 210
15 133
167 488
875 196
61 111
989 27
813 317
482 496
663 907
609 37
676 586
915 855
663 829
64 555
952 220
321 966
286 507
875 801
998 605
298 932
946 231
255 457
150 557
206 724
434 852
594 443
63 921
298 538
72 471
187 882
904 486
683 970
894 74
92 984
506 115
586 740
166 986
406 1
473 433
18 286
899 717
454 489
359 97
841 609
453 121
512 886
605 533
218 751
321 684
884 315
390 262
406 104
687 360
32 316
527 140
742 984
725 26
111 986
486 431
408 805
692 174
395 244
823 220
88 39
819 260
660 355
235 922
689 465
133 841
657 613
68 510
607 981
678 781
495 879
474 556
747 581
523 416
697 503
163 660
502 379
87 224
372 610
441 133
677 740
542 37
273 151
464 498
119 175
979 15
670 591
96 70
847 51
16 935
290 709
983 701
196 187
836 10
854 969
773 36
505 147
959 666
590 813
873 95
114 124
701 354
603 804
462 208
684 356
900 43
888 935
643 219
875 869
608 124
581 35
818 891
533 271
616 846
97 710
977 395
119 834
411 98
353 491
254 387
312 888
411 741
371 293
521 627
93 725
709 5
364 109
983 851
86 76
645 236
933 263
989 805
187 286
925 223
