896 32
83 768
673 641
401 237
810 568
159 857
824 456
254 813
529 652
772 731
795 47
331 124
116 70
976 211
377 134
890 192
822 200
542 669
67 866
712 391
689 820
852 389
448 262
96 385
67 391
276 228
760 569
949 806
532 990
223 903
871 313
330 489
959 461
657 867
653 471
823 1
493 83
837 790
711 97
29 911
378 896
720 912
323 697
529 445
642 984
250 921
909 372
365 909
378 377
98 432
448 903
599 368
193 89
470 74
274 564
593 622
459 636
238 817
754 766
770 271
466 517
462 112
404 668
60 597
102 833
693 806
337 549
173 900
877 972
272 282
769 129
42 741
612 85
156 659
121 209
529 572
436 935
937 58
568 99
779 986
589 541
621 677
818 528
671 889
711 450
601 688
221 101
158 793
361 497
114 374
263 707
118 518
604 254
491 797
684 523
822 201
554 910
49 632
110 518
127 761
211 335
812 661
852 969
977 552
463 299
826 426
607 564
209 789
229 728
869 687
932 325
455 401
764 347
732 871
444 813
693 117
184 725
854 52
126 298
758 367
385 862
706 596
738 299
323 717
363 825
530 531
347 861
263 977
465 726
40 876
354 406
233 319
100 593
711 2
160 888
300 923
748 312
831 324
344 473
301 514
456 787
920 605
460 132
515 934
896 978
993 869
670 221
622 935
605 65
725 452
248 248
827 550
490 737
617 407
206 794
50 307
925 697
241 223
472 330
355 380
531 589
901 302
729 506
157 700
326 227
186 140
555 632
956 482
918 704
706 202
662 157
404 866
866 2
131 601
980 948
925 276
540 370
989 45
927 977
859 210
506 861
338 512
244 956
814 791
476 108
73 998
174 229
350 977
960 663
652 597
33 328
494 124
880 143
517 198
644 213
967 39
301 147
133 39
750 239
411 236
460 36
558 241
389 762
26 32
603 553
561 227
69 90
253 263
466 922
45 352
841 820
601 780
911 890
95 656
169 849
542 809
216 547
435 127
256 356
66 979
119 374
696 91
722 831
777 643
656 958
237 413
208 120
92 482
695 885
295 646
887 983
596 132
289 158
927 121
66 400
444 180
495 555
999 79
407 305
391 720
788 751
478 494
86 615
182 930
991 261
797 23
256 563
941 852
360 507
517 999
575 737
91 707
894 942
453 635
367 9
265 250
230 729
737 9
644 550
993 724
118 622
864 267
388 883
636 525
168 925
28 17
857 150
86 390
456 771
495 158
442 389
825 258
247 101
968 815
640 265
517 537
328 302
647 116
712 565
162 581
82 669
107 990
749 944
935 975
711 881
746 192
964 179
975 335
359 908
687 280
141 507
183 628
625 296
845 830
91 184
238 996
419 558
745 945
528 790
32 43
166 333
486 99
327 616
899 940
217 827
750 161
888 869
843 24
510 670
949 230
828 878
609 67
685 521
627 738
86 95
492 772
334 228
543 755
330 323
169 706
578 203
344 200
386 286
244 106
369 869
193 149
787 24
38 299
263 312
733 616
284 249
400 506
928 129
506 863
706 495
346 86
14 302
307 127
408 604
559 158
752 156
667 19
119 407
20 174
4 552
88 858
490 131
989 507
236 633
947 432
360 811
652 180
612 528
947 255
798 704
178 539
162 108
555 705
201 127
136 921
867 941
243 178
681 852
343 293
895 966
376 84
781 225
146 761
804 282
569 730
774 361
863 643
875 719
711 944
145 70
899 142
834 172
506 377
907 855
327 25
322 865
704 907
170 709
70 737
368 182
180 829
70 32
395 653
457 15
633 846
785 914
474 612
263 615
606 477
235 165
165 526
872 612
386 379
985 818
999 254
764 584
375 194
649 982
47 833
449 150
185 465
300 611
628 346
280 549
70 207
982 435
955 758
321 970
621 755
57 408
415 571
378 180
594 144
500 672
554 228
145 994
191 946
639 685
687 984
136 9
441 787
670 330
402 445
771 937
623 411
460 760
455 580
674 769
583 584
200 377
187 319
783 159
224 350
262 49
37 496
412 106
122 127
293 284
413 476
665 130
576 243
739 404
635 303
895 776
503 363
473 220
5 251
947 939
483 627
835 648
254 235
938 403
124 182
722 991
697 348
759 30
141 540
507 740
310 840
478 417
287 844
544 534
12 620
512 242
923 690
136 784
467 648
475 345
953 642
280 379
268 541
847 863
109 454
287 413
345 861
294 89
655 264
135 731
574 478
661 712
733 516
417 601
667 239
253 827
543 866
84 944
829 840
654 894
189 963
81 87
541 124
937 421
322 772
430 721
804 924
321 857
971 528
240 762
731 724
362 496
491 748
922 551
900 845
62 860
914 213
829 286
190 878
853 394
345 983
362 211
375 569
312 41
58 396
986 500
58 567
279 260
203 679
160 152
885 624
865 116
997 557
344 685
612 497
720 934
346 823
26 466
752 394
78 314
280 699
951 617
857 653
124 463
144 300
997 105
348 186
81 959
382 852
730 279
1 507
783 12
314 919
497 852
528 216
755 711
338 179
896 665
203 193
254 716
346 77
523 743
274 117
493 225
781 587
938 765
385 860
260 999
255 506
227 230
756 154
113 32
639 190
966 95
484 480
356 502
733 763
843 477
339 425
361 755
257 498
527 54
763 546
945 967
225 308
865 626
607 864
13 682
161 763
690 164
218 248
349 932
121 688
450 588
986 943
460 132
986 154
135 612
173 733
190 397
905 925
267 237
235 138
69 614
62 870
2 367
541 940
995 19
879 401
798 127
329 2
891 57
333 979
2 928
246 196
795 70
262 425
655 111
677 617
820 879
556 315
335 21
841 31
600 783
999 821
670 490
614 619
424 160
629 922
477 313
543 515
790 99
312 228
235 167
454 140
922 537
468 385
164 461
934 136
914 61
964 657
106 152
80 203
971 593
539 355
957 205
848 590
616 274
49 689
158 478
988 81
871 297
758 296
406 320
603 111
965 573
477 799
79 704
106 459
388 492
179 836
434 89
322 293
139 94
555 651
295 790
914 299
673 43
76 815
14 919
875 721
387 512
603 118
578 627
561 132
651 217
485 247
210 98
714 381
525 552
703 842
608 748
972 726
484 142
418 107
540 591
918 995
865 845
830 774
980 346
869 922
484 271
498 612
843 505
852 909
684 747
522 403
232 531
162 402
975 298
746 220
224 229
696 973
308 366
610 545
95 915
416 810
975 119
672 606
313 167
964 410
749 658
798 500
543 270
116 458
259 100
892 86
507 496
57 930
713 777
492 582
893 362
847 194
435 757
99 461
26 781
822 865
248 759
604 128
201 532
337 90
667 58
789 362
220 398
71 977
418 37
911 655
519 136
651 254
945 968
851 241
97 981
151 72
247 795
824 884
237 938
912 728
708 496
660 8
64 993
739 131
765 886
48 90
299 440
480 561
513 243
507 432
442 431
909 429
991 642
89 77
965 100
220 595
233 784
687 539
915 849
343 341
76 674
868 893
570 646
512 900
508 798
152 356
462 57
577 302
954 390
379 357
436 276
676 733
84 242
506 946
292 682
780 3
165 415
10 793
312 311
369 602
2 874
358 528
452 18
641 409
64 957
743 976
964 193
476 803
813 89
565 872
83 346
929 437
943 14
404 659
110 166
667 537
181 166
780 723
979 987
506 767
390 906
794 708
25 924
830 841
871 979
853 667
589 186
545 467
821 402
403 969
580 100
39 81
944 538
590 711
20 743
738 504
720 703
511 16
417 118
762 930
847 209
350 727
792 714
256 123
36 137
150 624
725 86
253 576
136 353
816 141
661 195
635 46
414 153
106 269
429 720
930 690
663 211
352 419
605 420
846 817
413 638
81 164
868 582
438 307
733 211
372 738
410 315
64 233
323 243
52 470
698 908
506 910
930 496
807 248
849 667
757 118
79 810
698 323
737 641
710 166
521 497
658 488
651 914
789 175
308 83
513 350
210 732
134 157
880 435
678 736
215 759
113 730
455 648
668 692
229 553
62 115
899 430
955 502
398 940
12 560
323 472
539 284
643 498
811 521
138 783
625 926
737 462
852 300
237 194
168 288
178 787
642 691
59 860
10 288
175 768
649 165
589 397
