901 887 41
446 1
841 1
46 ?
139 0
700 ?
448 0
709 1
345 ?
577 1
685 ?
828 1
336 0
642 0
632 0
305 0
266 ?
206 ?
727 1
612 0
326 0
331 1
302 ?
673 1
315 ?
824 0
767 1
451 0
323 0
528 0
806 ?
833 1
723 1
162 1
286 ?
24 0
784 ?
516 0
372 ?
232 0
386 1
214 1
535 1
593 1
184 0
289 1
374 0
516 ?
751 1
201 ?
786 0
870 ?
390 0
356 1
560 1
759 1
93 1
556 ?
227 ?
403 1
523 ?
763 0
737 0
725 1
334 ?
486 ?
762 1
534 ?
306 1
3 0
755 ?
331 1
24 0
766 0
822 1
469 ?
69 ?
516 0
663 1
607 0
764 0
740 0
605 1
334 ?
614 0
457 ?
371 ?
690 ?
792 ?
709 0
250 0
31 1
248 1
310 0
185 0
758 0
327 1
424 ?
384 1
762 ?
411 ?
626 1
490 0
756 ?
850 ?
857 0
639 ?
827 1
748 ?
216 1
791 1
788 ?
705 0
117 1
614 0
837 ?
522 ?
578 0
425 0
893 1
707 1
850 0
699 1
403 1
796 ?
154 0
137 1
808 0
159 1
144 0
307 1
54 ?
412 1
580 ?
554 1
530 0
545 0
706 0
56 0
736 0
725 0
54 ?
405 1
430 0
859 ?
355 0
762 1
326 0
861 ?
200 1
503 ?
83 1
637 0
394 0
847 0
21 ?
636 1
220 ?
874 ?
279 1
623 0
899 ?
857 0
829 0
537 ?
185 ?
316 1
428 0
814 1
893 1
857 0
577 1
503 ?
824 0
79 ?
569 1
536 0
42 0
53 0
219 ?
479 ?
409 0
101 1
78 0
687 1
602 1
568 ?
135 ?
781 0
381 ?
150 ?
115 0
488 ?
410 1
494 0
165 ?
506 0
542 1
209 0
503 1
442 ?
543 ?
539 0
248 1
675 0
20 1
813 1
157 0
131 ?
405 0
394 1
314 1
424 0
352 ?
53 0
894 0
469 1
464 0
323 1
222 0
408 0
265 1
165 1
238 0
764 0
304 0
71 1
99 ?
230 0
275 ?
789 1
256 0
468 0
477 0
651 0
123 1
215 0
45 ?
576 1
29 0
688 ?
718 1
548 1
314 0
448 1
22 ?
815 ?
562 1
14 ?
163 ?
182 0
461 1
538 ?
439 ?
733 1
680 ?
38 0
883 0
675 0
74 ?
635 0
66 1
109 0
342 1
675 1
563 1
381 0
250 1
13 1
575 ?
693 1
692 ?
609 ?
631 0
569 0
734 1
454 1
392 1
406 0
230 1
613 1
49 1
739 1
399 1
483 1
187 ?
726 ?
244 1
211 1
883 0
752 1
654 1
827 0
160 ?
842 0
717 ?
450 0
237 1
356 ?
456 1
782 0
495 1
572 0
546 0
774 1
145 ?
455 0
891 ?
618 1
355 0
124 0
3 ?
567 1
353 ?
513 1
121 ?
42 ?
533 0
215 1
3 1
5 ?
572 0
477 1
229 0
747 ?
350 ?
153 1
293 0
166 1
493 ?
757 1
568 ?
314 ?
594 ?
78 1
258 1
109 0
587 1
687 1
362 0
150 0
783 0
69 1
322 1
159 0
278 0
45 1
738 0
176 1
341 1
342 ?
96 ?
272 0
209 0
589 1
68 ?
173 0
585 0
538 0
683 0
329 1
667 1
900 1
137 1
657 ?
381 0
377 1
36 ?
487 0
37 1
792 0
449 0
893 0
438 0
501 ?
449 ?
102 ?
614 1
262 1
583 1
292 1
501 0
280 ?
75 1
516 0
714 1
98 ?
839 ?
631 ?
760 ?
787 1
756 0
571 1
806 1
48 1
77 1
135 ?
332 1
606 1
401 1
32 ?
637 0
784 1
52 ?
202 1
870 ?
627 1
835 0
744 1
51 ?
431 1
395 1
628 ?
497 1
50 ?
446 0
295 1
878 0
452 1
172 1
219 1
422 0
236 0
719 0
616 1
818 1
384 1
894 ?
593 1
865 0
248 1
10 1
39 1
295 ?
473 0
21 ?
21 1
423 1
704 0
453 ?
194 1
868 0
301 ?
351 ?
357 1
487 1
637 ?
13 1
7 1
744 1
491 ?
868 1
600 0
245 0
559 ?
417 0
573 0
127 1
480 1
858 0
443 0
17 0
756 1
612 1
850 0
195 ?
201 1
404 1
574 0
711 0
602 ?
820 ?
310 1
277 ?
791 1
670 ?
48 0
673 1
427 1
630 ?
160 1
712 0
834 1
525 1
337 1
607 ?
717 ?
225 ?
355 1
615 1
524 0
868 0
592 ?
47 0
239 1
408 1
427 0
141 ?
283 ?
227 ?
398 ?
529 ?
604 1
663 ?
245 0
693 ?
728 ?
855 1
381 1
524 1
107 0
338 ?
575 0
273 1
604 1
155 0
240 ?
456 0
517 0
328 ?
881 1
226 ?
410 ?
480 1
682 1
475 0
801 1
181 0
479 ?
230 1
515 1
563 0
860 ?
88 0
522 ?
248 1
260 1
183 1
785 1
885 0
515 0
569 0
521 1
669 0
664 0
599 0
589 ?
242 1
778 1
789 1
586 0
191 1
446 ?
584 ?
4 1
305 1
856 ?
89 0
138 1
254 ?
305 0
603 ?
890 0
783 ?
177 1
28 0
32 0
868 ?
819 0
277 ?
753 ?
865 1
287 1
867 ?
220 ?
371 0
720 0
26 0
175 1
518 1
569 1
487 0
537 1
95 ?
181 ?
488 ?
344 ?
58 ?
555 ?
782 1
120 ?
60 1
193 ?
724 0
326 ?
119 1
404 1
127 0
340 0
325 ?
308 ?
21 0
335 1
105 0
766 ?
671 0
310 0
881 0
374 ?
12 1
325 0
635 ?
349 1
79 1
493 0
863 ?
491 1
108 1
186 1
860 0
733 ?
515 0
650 ?
69 0
823 1
76 0
433 0
445 1
22 1
281 1
640 0
88 ?
330 ?
751 ?
415 0
329 ?
649 0
124 ?
852 ?
637 0
460 ?
141 ?
269 0
375 ?
686 1
728 0
578 0
585 1
491 ?
588 ?
882 0
593 1
607 ?
783 0
742 0
252 ?
234 ?
874 1
818 ?
767 0
699 1
587 1
193 0
280 ?
403 1
732 0
398 0
73 1
663 1
167 0
485 0
502 1
821 0
139 1
596 0
19 1
383 0
201 ?
109 1
811 0
500 ?
772 0
278 1
195 0
263 0
502 ?
579 0
403 1
380 0
597 1
360 1
614 0
160 ?
70 1
179 0
734 1
274 ?
769 ?
814 1
520 1
184 1
842 1
566 0
600 0
648 0
92 ?
407 0
684 ?
830 0
865 0
823 ?
282 1
496 1
22 ?
579 1
329 ?
132 0
218 0
74 ?
44 0
720 ?
52 0
300 ?
898 0
134 1
498 1
433 0
27 ?
304 ?
196 ?
558 0
395 1
92 1
754 1
546 1
203 ?
287 1
440 ?
238 1
275 ?
305 1
604 0
497 ?
408 0
563 ?
890 1
890 0
373 ?
110 ?
405 0
449 ?
164 0
339 1
709 ?
605 0
827 ?
722 ?
333 0
483 1
295 ?
432 ?
489 ?
651 0
487 ?
566 0
608 0
776 1
702 0
601 ?
719 0
517 ?
632 1
178 1
642 1
283 1
219 ?
135 0
734 0
104 1
462 ?
339 0
345 ?
530 1
687 ?
344 0
832 0
873 ?
769 ?
204 1
292 1
417 ?
633 ?
71 0
788 1
659 1
655 1
874 0
847 0
386 ?
746 0
620 1
65 1
612 0
34 ?
630 0
717 0
879 ?
603 ?
430 1
492 1
479 0
393 ?
483 1
633 1
426 1
780 0
793 ?
109 ?
597 0
188 ?
879 1
87 1
745 1
78 ?
453 0
727 1
203 0
113 1
509 0
54 0
539 ?
213 1
179 0
261 ?
310 1
223 0
868 ?
418 ?
889 1
148 ?
797 0
265 1
690 1
891 ?
573 ?
559 ?
896 ?
66 ?
892 ?
622 ?
52 0
677 0
73 1
615 1
864 ?
90 0
179 1
777 1
229 0
408 ?
844 0
297 ?
407 ?
210 ?
355 0
88 1
693 0
467 1
115 ?
148 ?
110 1
19 1
577 0
578 ?
697 ?
149 ?
67 ?
20 1
218 0
44 0
40 0
389 ?
768 ?
762 0
788 0
185 0
804 ?
219 1
