2826 2538 334
329 ?
190 1
2592 1
2766 1
1393 ?
2218 ?
2474 ?
1033 1
1492 0
1184 ?
997 ?
228 ?
1683 1
1821 1
2406 ?
29 ?
2163 ?
1119 ?
794 1
2547 0
1351 0
1674 0
778 0
2475 0
388 ?
1991 ?
1076 1
1587 0
367 ?
1668 1
1440 ?
1697 1
2114 1
2679 0
2283 ?
1570 0
602 ?
2001 1
175 ?
947 ?
2821 0
366 ?
2620 0
1742 1
2554 1
1645 1
2201 0
2295 0
1095 1
1704 ?
2163 0
533 ?
1691 1
1068 1
2603 0
1710 1
1173 0
2462 0
49 0
961 ?
2724 1
2373 ?
1699 1
2501 ?
411 0
393 1
2488 0
429 0
28 1
720 0
1996 1
873 1
2252 1
2363 1
2531 1
44 0
1140 1
1528 1
2232 ?
2546 0
807 0
1031 1
276 1
1726 ?
1317 1
1344 ?
1809 ?
1105 ?
1984 1
1199 ?
2046 0
2460 ?
791 1
1295 ?
765 0
843 1
2486 0
713 0
1952 0
2594 1
627 ?
2661 1
1717 1
953 1
884 1
1809 1
111 0
1565 0
451 0
1313 ?
1097 1
996 0
1491 0
1854 1
1194 0
1024 ?
336 0
1778 1
879 ?
2288 ?
567 ?
332 0
1622 ?
2655 ?
1779 0
440 0
1069 0
36 0
905 0
2121 1
676 1
496 ?
1133 0
2417 ?
2576 ?
2037 1
2589 1
1365 ?
917 1
2333 1
617 0
1810 0
1780 ?
2489 1
568 1
1195 1
521 ?
719 ?
1704 1
731 1
2011 ?
213 1
2062 ?
2555 0
1024 1
437 1
569 0
2471 1
1983 0
1181 1
901 0
1383 ?
829 0
1611 ?
2599 0
208 0
2157 ?
391 ?
2571 1
1806 1
1604 0
1904 1
467 ?
110 ?
932 0
2251 ?
1063 ?
1516 ?
2164 ?
2711 0
1705 1
2708 ?
1139 ?
1816 ?
1607 0
1012 0
2642 0
2723 ?
636 1
591 ?
2481 ?
2380 0
1111 1
1351 0
2076 ?
2516 ?
929 ?
2327 1
2453 1
1112 ?
2000 1
1723 0
2048 0
2380 1
1471 ?
1915 ?
864 ?
1711 0
2134 1
987 0
2726 1
218 ?
2472 1
531 0
903 ?
516 1
1640 0
655 ?
1865 ?
1886 1
2742 1
477 ?
1729 1
778 1
1967 0
1431 ?
618 ?
1771 ?
844 1
2532 ?
410 ?
441 ?
1 0
1396 ?
2230 0
1503 ?
1341 0
2372 ?
1929 ?
1026 1
794 ?
2077 ?
245 ?
2012 0
1883 0
736 0
392 0
1067 1
2512 ?
1189 1
2302 1
2190 0
2148 ?
1176 1
2811 0
1404 ?
300 ?
481 ?
2557 0
923 ?
2025 0
1211 ?
1634 0
1943 ?
1095 ?
2020 ?
46 0
1215 0
1760 ?
1905 1
1399 1
46 1
1724 1
2796 ?
2302 1
2751 1
1612 ?
1154 1
1701 ?
1518 ?
843 ?
2500 ?
158 1
2428 0
1788 ?
2719 ?
726 1
642 0
728 1
2804 0
299 1
903 0
2030 0
2362 1
2048 ?
1528 0
2022 0
1448 ?
1042 0
249 ?
1673 0
258 1
2753 ?
1342 0
962 0
2703 0
313 ?
177 ?
186 1
1783 0
1903 1
1135 ?
156 1
2033 0
368 0
2610 1
1570 ?
4 ?
344 1
1681 ?
1187 ?
456 1
2003 ?
1741 1
1351 ?
1498 1
2587 1
2019 ?
949 0
602 0
821 1
2244 ?
1665 1
1763 0
191 1
2292 0
2077 0
471 1
915 ?
226 0
961 0
1461 ?
223 ?
1540 0
2776 ?
74 ?
2325 1
2055 1
2308 ?
2428 ?
1962 ?
217 1
1911 ?
978 0
2287 ?
1555 1
1273 1
2221 1
1760 0
920 ?
1117 1
301 1
1508 0
208 1
562 ?
1736 1
623 ?
2071 0
1082 ?
2813 0
1115 ?
1277 ?
67 ?
2489 ?
2386 1
849 ?
1011 ?
2131 0
2496 1
348 ?
1723 ?
2823 ?
1955 ?
1099 1
162 1
2662 1
1634 0
52 1
1998 ?
578 1
2442 ?
1670 ?
863 0
2000 0
1445 ?
807 1
1169 ?
2138 ?
1543 0
622 ?
96 0
112 1
2079 0
646 1
1257 ?
951 0
304 1
1695 0
2060 ?
745 1
1505 0
961 1
1336 1
956 ?
632 ?
520 0
64 ?
1638 ?
2086 0
1115 ?
973 1
394 1
2191 ?
2037 0
650 1
2614 ?
1208 0
400 0
2363 1
1420 0
240 ?
2650 ?
98 ?
2151 ?
753 0
2520 1
374 1
2081 1
756 ?
1949 0
1417 1
2540 ?
2107 0
299 0
564 1
2037 0
2327 ?
1162 1
1361 1
1758 1
574 1
1768 1
2239 1
1127 0
1018 0
1857 1
608 0
1341 0
2518 ?
2341 0
1331 0
1512 1
2729 0
679 1
654 ?
1223 1
1828 0
2068 ?
565 0
1176 0
1040 0
855 ?
2706 0
2823 ?
1909 ?
927 1
1959 1
1401 1
2563 ?
679 1
293 ?
683 ?
1642 0
1941 1
2813 0
2187 ?
2354 0
2464 0
2401 0
1470 0
110 0
916 1
2678 1
1924 1
2822 ?
643 0
501 0
1118 1
1614 1
2043 0
1745 1
169 0
2417 0
1907 ?
1472 1
793 0
745 ?
433 ?
1989 1
1356 0
2740 ?
582 0
955 1
477 ?
1513 ?
2480 0
1438 ?
1195 1
1968 ?
1729 0
1537 1
1364 1
107 ?
1219 0
2785 1
958 ?
2263 ?
1283 1
1072 1
221 0
2428 ?
515 1
2612 1
2717 1
566 1
2135 ?
867 0
545 1
2450 0
519 ?
1692 0
1533 1
2772 0
2358 1
2386 0
1095 1
2201 0
2825 1
2684 0
2171 0
912 1
1787 0
48 ?
1989 ?
1520 0
1513 0
2760 ?
2612 0
2049 0
2289 ?
2688 ?
1302 ?
30 0
2474 0
2491 ?
2810 ?
2308 ?
2054 1
280 0
115 1
340 1
2788 ?
2278 0
2249 0
455 1
1737 1
403 0
2438 1
1690 ?
2776 1
1435 ?
749 0
1981 ?
85 0
1065 0
348 1
1287 ?
1404 ?
194 0
2651 ?
222 1
2307 ?
1918 ?
901 0
2591 ?
778 0
1487 0
347 1
1001 ?
1179 1
1305 0
1057 0
1792 0
1532 1
872 0
1604 1
2435 1
583 ?
891 ?
1490 ?
1583 0
1962 ?
2588 0
752 ?
176 ?
2083 1
2607 ?
304 ?
2047 1
1535 ?
460 1
1051 1
1228 0
92 1
596 1
470 ?
1204 ?
259 ?
2139 1
2654 ?
2254 1
2680 0
2356 1
495 ?
1929 0
1141 ?
2028 1
2306 0
667 0
1049 0
42 1
1621 1
1899 0
2034 1
1667 1
1093 ?
1551 1
1398 ?
2025 1
516 0
1808 1
735 ?
1376 ?
1784 ?
1745 ?
2783 1
2324 1
2431 ?
482 1
971 0
830 ?
689 1
1376 1
854 0
2202 ?
2647 1
768 1
171 1
986 ?
2671 0
1327 1
328 ?
62 ?
1216 0
408 1
514 0
1993 0
85 0
2306 ?
2766 0
2632 ?
120 0
2044 ?
763 ?
118 0
923 1
1536 0
445 ?
173 1
2592 ?
2175 ?
1867 ?
2076 1
2798 ?
2504 ?
1310 0
1771 0
737 1
1787 ?
1253 0
2008 ?
1296 1
1732 1
248 0
2580 ?
1435 0
2268 1
1166 0
2148 0
314 1
2453 1
947 ?
2737 1
119 1
2790 0
1354 1
1131 ?
223 0
2608 1
2150 ?
1126 0
2393 ?
1731 0
2273 ?
2744 1
890 1
2313 0
98 ?
1209 ?
2420 1
2525 0
155 ?
1704 0
623 ?
1276 0
145 1
522 1
227 1
1957 1
2723 0
314 ?
1451 ?
778 1
1510 1
888 ?
2513 ?
1378 0
2396 0
2678 0
1738 1
1534 1
1957 1
603 1
730 1
1155 ?
1818 0
1607 0
1985 ?
476 0
2229 ?
2418 0
656 ?
13 0
2324 ?
1832 ?
1903 1
61 1
122 1
2292 0
1235 ?
1820 1
2030 0
389 ?
2525 ?
763 1
279 1
128 0
1510 1
1192 0
1147 1
1068 ?
2478 ?
2595 1
1937 ?
2212 1
1790 1
1815 0
1965 0
50 ?
2444 ?
1134 0
1420 0
1734 0
618 ?
194 1
2518 0
2535 0
2715 0
1613 1
2365 0
1962 1
2144 0
2453 ?
1309 ?
989 ?
1180 1
1483 1
1331 1
1858 1
2132 ?
615 1
430 0
425 1
2147 ?
102 ?
1345 1
1005 0
1439 1
881 0
2396 1
2418 ?
2598 0
2109 ?
1082 ?
402 0
1144 0
858 ?
1692 0
2576 0
2030 1
1033 0
778 ?
1922 ?
197 ?
2128 ?
2354 1
417 ?
1973 ?
303 1
712 1
1316 ?
854 ?
490 0
1416 1
167 0
1184 1
1632 0
1721 1
417 ?
1672 0
1317 1
2364 0
778 ?
2380 0
2133 ?
1342 1
2121 1
1474 ?
1155 0
2254 ?
2676 1
462 1
969 0
526 ?
2810 ?
173 1
292 ?
2723 1
345 0
1872 0
646 ?
2551 0
716 1
380 0
902 0
470 0
2053 1
2511 ?
571 0
1560 1
2720 ?
2070 0
728 0
1056 0
1711 0
634 0
1741 0
390 ?
200 1
1880 0
1481 1
1784 0
2347 0
309 1
146 ?
2035 0
1132 ?
827 1
1581 ?
668 0
1973 0
1655 1
1017 1
488 0
2449 ?
2578 1
2084 0
1459 0
1756 0
1362 1
1756 ?
1208 ?
245 0
880 1
2629 ?
111 0
2458 ?
266 ?
467 1
384 1
852 1
2330 ?
89 1
344 ?
2145 ?
676 0
980 1
1543 1
246 1
1181 ?
1310 ?
2467 1
2109 0
928 0
66 0
2643 0
1981 1
41 ?
204 1
1778 1
1975 ?
677 0
8 0
464 0
2666 0
1858 ?
2410 0
2492 ?
1414 1
173 ?
140 ?
673 ?
613 1
151 ?
2196 ?
885 0
2506 1
2105 1
1700 ?
2595 0
619 1
131 0
1060 0
1837 ?
2763 ?
454 0
1266 1
249 1
1606 ?
606 0
2447 ?
1369 1
439 1
1936 ?
291 0
1744 ?
248 0
2179 ?
86 0
7 ?
1115 1
671 1
2501 1
2168 ?
381 ?
664 1
1723 0
724 0
2786 1
1683 1
1429 1
934 ?
1768 1
2470 ?
1896 1
1296 0
217 ?
751 1
1188 0
2654 0
2462 ?
1434 0
1946 0
2401 ?
2607 1
1104 0
374 ?
2166 1
2607 0
2492 ?
1655 ?
1984 ?
859 1
158 ?
1181 1
1011 ?
1402 1
686 ?
2807 0
2709 0
53 1
1284 ?
383 ?
1743 ?
1545 0
958 1
596 0
814 ?
1860 ?
1822 ?
2087 1
280 0
734 ?
1561 ?
995 ?
663 ?
1070 0
641 1
991 0
2804 1
2642 1
1259 0
2602 0
1408 1
2158 1
2334 1
1428 1
1720 ?
2640 ?
210 0
1880 ?
1814 1
722 0
495 1
1224 ?
674 ?
1848 1
1433 0
2102 1
1613 0
1863 1
708 0
1363 ?
671 0
2485 1
204 ?
2384 0
2260 0
658 1
2026 0
2103 ?
1295 1
1704 0
2333 1
796 1
1617 1
2668 0
2038 0
1178 ?
270 1
2311 1
389 ?
1321 0
606 0
1368 0
135 ?
1297 ?
943 ?
443 1
108 ?
2082 1
40 ?
721 1
1720 1
2708 0
382 0
1244 0
2235 0
2382 ?
2233 ?
1074 1
1612 ?
1632 0
2086 0
818 0
2130 0
1316 ?
236 0
2585 ?
1593 ?
925 1
332 0
140 ?
119 ?
1360 0
1011 ?
1504 1
2182 0
508 0
366 1
480 0
366 1
1403 0
806 1
1818 ?
2380 ?
2214 ?
2035 1
2700 0
325 ?
1755 0
1152 ?
1357 1
1565 ?
2647 1
2281 ?
851 1
701 1
2204 ?
1684 1
1630 1
301 1
84 0
2762 1
2180 ?
2443 0
744 0
2229 1
530 ?
844 ?
2445 ?
1786 0
2300 0
296 0
1287 1
1897 0
2084 0
2587 1
259 0
1941 ?
604 0
2769 0
122 1
1070 ?
1403 ?
2680 0
732 1
2126 1
57 0
1143 1
1919 1
1733 ?
1978 ?
583 ?
891 ?
2477 ?
499 0
1853 1
2554 1
27 1
1786 0
226 0
829 1
1052 1
1178 0
1580 ?
2579 ?
2601 0
2790 1
1526 0
1782 0
199 ?
124 ?
1925 ?
885 ?
2824 1
1378 ?
303 ?
658 1
328 1
2371 1
2099 ?
1880 1
1683 ?
1964 0
1840 1
2091 1
828 ?
2652 0
1561 1
2227 1
44 1
116 0
658 ?
1616 ?
606 1
2179 1
2293 ?
283 1
103 1
2090 ?
1656 ?
1757 ?
47 0
2668 ?
444 1
1899 1
2561 ?
2459 0
830 0
2399 1
2122 1
1384 0
281 1
600 0
157 0
1167 0
2113 1
1740 0
1881 0
1524 1
2188 ?
1648 0
1432 0
2433 ?
465 ?
814 ?
556 1
387 ?
1273 ?
1895 ?
945 ?
25 ?
777 0
2314 ?
472 1
1711 1
2367 ?
496 0
1890 1
1640 0
2111 ?
2531 1
1376 ?
1860 1
503 ?
2109 1
75 0
1547 1
1957 0
2394 0
2679 0
885 1
1295 1
474 0
1093 0
60 ?
2555 ?
793 0
2070 0
435 1
2700 ?
1926 0
1987 0
196 ?
411 0
523 0
493 0
1923 ?
2254 0
342 ?
425 0
2311 1
2275 1
1778 ?
2812 1
2620 0
914 1
314 1
578 ?
391 1
909 0
2266 0
254 1
357 1
413 1
1889 ?
2058 ?
30 ?
33 1
2087 0
2471 ?
2151 1
448 1
2193 1
1674 0
2276 0
1206 1
2740 0
30 ?
1633 1
1282 ?
1473 ?
1516 0
188 1
50 0
2680 ?
2268 1
2352 ?
2582 1
725 0
247 0
2063 ?
1912 ?
2604 0
1786 1
2022 0
917 1
2010 ?
728 1
656 0
1235 0
1279 ?
1148 ?
1861 ?
264 0
2377 ?
784 1
2163 ?
1128 1
1296 0
206 ?
2394 ?
1624 0
1787 0
2184 0
1203 1
1693 ?
1316 1
281 1
1696 ?
1303 1
2322 1
2317 1
1298 ?
1952 0
1666 0
955 1
2718 ?
2483 1
330 ?
639 0
1492 1
2083 0
2072 ?
2086 0
1243 0
1414 ?
466 0
2285 0
1847 1
2479 1
2373 1
2755 0
1330 0
442 1
848 1
2203 0
770 ?
2679 1
393 0
1044 1
2580 ?
2644 0
2147 0
1774 1
2580 0
2651 ?
302 0
1382 0
1349 1
1279 0
1535 ?
1294 ?
418 0
1313 ?
971 1
160 1
1271 1
1590 1
628 1
1808 0
2288 ?
1289 0
906 0
1829 0
1931 1
934 ?
989 0
2813 0
2771 0
2181 0
2405 ?
2248 1
1788 0
897 1
2170 1
2406 0
1704 ?
824 1
845 1
131 1
747 ?
2582 0
2042 0
2817 ?
1563 1
1848 ?
2443 1
309 ?
2125 ?
1406 ?
267 1
432 ?
2307 ?
682 1
1474 0
1587 1
2734 ?
34 1
686 ?
857 ?
2513 ?
250 ?
1682 1
1443 1
1753 1
2806 0
1288 ?
448 1
2417 1
1226 0
1478 1
2223 ?
2211 1
2460 1
477 1
2364 ?
889 1
2658 1
190 0
2816 ?
1727 0
1736 0
1997 1
2420 0
1746 0
838 0
653 1
961 0
1766 1
2780 1
2323 0
1279 ?
831 0
2018 0
1961 ?
1886 ?
2640 ?
263 0
1077 0
2308 ?
2606 0
1334 1
1871 0
901 ?
1787 ?
2539 1
1435 ?
133 1
1250 1
1337 1
2616 1
2357 0
1446 1
372 1
39 0
1889 0
751 ?
275 0
1065 0
1675 0
1373 ?
2672 1
88 ?
516 ?
445 ?
520 0
519 ?
271 ?
1831 0
914 1
2145 0
487 1
1255 1
183 ?
1587 0
1756 ?
1576 0
1907 0
244 1
552 1
2554 0
1383 1
1377 ?
879 0
2507 1
1886 0
37 0
1946 1
1606 ?
1930 0
342 0
1260 ?
749 1
1432 ?
1036 1
2190 ?
1975 1
233 ?
357 ?
2159 1
1732 ?
2040 ?
1038 1
2160 0
2195 1
2295 ?
1511 ?
923 0
601 ?
2287 1
2727 ?
1057 ?
311 ?
2487 0
1060 0
178 1
1636 1
993 ?
2178 1
1945 ?
1445 0
2310 0
1975 1
2528 ?
2149 1
2332 0
1849 1
735 ?
2677 1
1441 ?
1524 ?
1756 0
2075 ?
412 1
178 0
475 ?
189 1
1592 1
888 ?
537 0
207 0
397 1
599 0
1390 ?
1477 ?
1978 1
2737 1
1335 ?
1256 0
1773 0
1292 0
788 0
442 ?
1179 1
2140 ?
2181 1
1385 ?
630 ?
334 1
874 0
618 ?
451 0
1038 1
799 ?
1357 ?
2004 1
749 0
2716 1
1447 0
1500 0
1868 0
1626 ?
217 ?
713 1
2473 0
2571 0
2171 1
2503 ?
1036 ?
1523 0
2690 ?
1419 0
2207 ?
1946 ?
2613 1
844 1
1192 1
252 0
1444 ?
673 1
2594 0
656 0
1880 1
1963 ?
1443 ?
2450 0
1004 ?
2753 0
1539 1
917 ?
2689 ?
1643 1
41 0
126 1
2214 1
763 0
1003 ?
721 1
2701 0
37 1
963 0
787 ?
1516 1
614 1
609 1
1425 0
1197 1
120 ?
2133 1
2083 1
1657 0
449 ?
1516 ?
2088 0
1549 ?
1987 1
125 0
875 ?
2404 0
351 ?
2111 0
1391 0
2477 ?
2034 ?
2649 ?
1613 ?
1280 1
834 0
485 ?
1562 1
1879 ?
2185 ?
2382 0
694 ?
169 0
1908 0
2607 1
1823 0
253 1
2546 0
1711 0
2765 ?
1435 1
2503 1
1773 ?
243 1
95 0
2183 1
1348 ?
189 ?
789 1
2482 ?
2196 ?
1395 1
1884 ?
97 ?
1799 ?
1739 1
1750 ?
185 0
607 1
899 0
2341 0
2050 1
1935 0
403 ?
1224 1
2029 ?
420 ?
464 ?
830 0
1762 1
2106 ?
1374 0
1924 ?
548 ?
1361 1
592 ?
2244 1
1723 0
1912 1
377 ?
2794 1
2300 1
1193 1
2300 1
1874 1
300 ?
2688 0
1055 1
2349 ?
2271 0
2261 0
1053 ?
1753 1
2021 1
1007 1
2070 ?
2519 0
1918 ?
198 1
153 0
1342 1
1056 ?
2684 1
1714 1
2684 ?
450 1
2474 0
1272 1
2276 1
1548 1
881 1
745 ?
1049 0
1130 1
2374 ?
1171 1
461 ?
710 0
1848 ?
728 0
1279 1
988 ?
1526 1
501 1
388 1
61 0
265 ?
1538 1
723 1
727 1
2172 1
1121 1
898 1
2650 ?
454 1
1238 1
269 1
667 1
619 1
1152 ?
2007 0
2706 1
2263 ?
117 0
554 ?
2601 1
1524 ?
2598 1
1033 ?
1862 1
847 0
2469 0
1750 ?
1009 0
569 ?
2795 1
2519 ?
1323 0
1027 ?
301 0
1116 ?
925 ?
458 0
1869 ?
1664 ?
437 ?
1383 1
1319 0
2168 0
1875 ?
124 0
2777 1
2047 1
1730 0
2493 ?
1360 0
130 1
2501 1
1528 0
953 ?
2158 0
1017 1
2580 1
2173 1
303 1
1433 ?
2653 1
1054 ?
2649 0
990 1
707 ?
755 1
486 0
1895 0
1183 1
2154 0
1304 ?
86 1
1766 0
2054 0
1775 0
2153 1
1695 1
873 1
1422 ?
1077 1
730 ?
1646 ?
711 ?
1009 1
2479 ?
456 ?
2608 ?
1174 1
2073 1
2059 ?
1450 1
2373 1
424 1
913 0
161 1
1760 0
35 ?
1609 0
2290 0
2437 ?
515 1
1423 0
2563 0
673 1
1115 0
1884 0
1098 ?
1850 0
2278 1
651 1
389 ?
2281 ?
346 ?
1002 0
2394 1
982 1
1381 ?
1203 0
2244 0
2791 0
1729 0
463 1
1250 1
1005 0
1335 0
1200 1
2352 1
749 0
792 1
752 0
2792 ?
1637 1
1585 0
246 ?
22 ?
2012 1
931 1
2436 1
1787 ?
1478 ?
705 ?
2636 ?
2190 1
2365 0
1800 ?
1738 0
134 ?
314 ?
1089 0
67 1
347 ?
794 1
2009 0
2024 1
1577 0
1000 ?
308 ?
2263 ?
317 0
2611 ?
1248 1
1227 0
804 0
1768 1
845 ?
1156 1
653 0
301 0
2771 ?
1731 1
2391 ?
1599 1
1842 0
1475 ?
2034 1
1945 0
937 0
2815 0
432 ?
594 ?
297 1
1466 1
2357 0
483 1
2716 ?
2184 ?
1709 0
1558 0
1182 0
2223 1
484 ?
1039 1
2804 ?
944 ?
2784 0
2299 0
240 1
324 ?
1419 0
2143 1
1982 0
1283 1
420 0
2301 1
170 0
1144 1
756 ?
830 0
1051 1
423 1
1927 ?
1736 1
748 ?
676 1
1299 1
1442 1
305 ?
336 1
565 0
600 ?
513 ?
2678 1
1802 0
136 0
1441 1
560 0
1293 ?
1100 0
486 1
2005 ?
1049 0
2480 0
617 0
1967 1
26 ?
1372 0
2467 0
1451 0
2208 0
1477 ?
968 0
2366 1
2098 0
1751 ?
1252 ?
474 ?
1722 0
1375 0
1619 ?
2431 ?
1776 1
1016 1
1307 ?
2780 1
1 0
615 0
860 1
1443 1
1898 1
812 0
990 1
277 1
82 1
36 ?
2496 ?
494 ?
1924 1
1771 1
296 ?
629 0
1188 ?
2632 ?
1585 ?
1712 ?
1568 ?
1946 ?
1846 0
1575 0
2573 1
2459 ?
865 0
1063 ?
2534 ?
2546 1
1404 1
1694 ?
2229 ?
560 1
2488 0
2370 ?
1458 ?
485 0
669 1
1833 0
2025 0
1579 ?
1712 1
773 1
2758 ?
2339 ?
2647 ?
1442 1
2122 ?
1726 0
2633 0
965 ?
500 ?
1838 1
1403 0
684 0
1923 1
1804 ?
2318 0
1023 0
467 0
372 1
1642 ?
1237 1
67 1
588 ?
2298 ?
2062 ?
1593 ?
153 1
2052 1
1661 1
39 0
416 1
993 1
880 0
2483 ?
2216 1
318 0
2791 0
2136 1
418 1
1427 1
2476 ?
358 0
2405 1
1664 1
778 1
552 ?
2567 0
162 0
1534 0
440 ?
881 0
2350 1
1440 0
1465 0
1205 0
771 0
1932 ?
1023 1
2505 1
988 1
1441 1
848 0
1271 1
2008 0
2685 ?
131 1
987 0
854 ?
2345 ?
2661 1
2635 0
147 ?
1523 1
1807 ?
509 ?
750 0
2663 1
278 1
780 ?
415 1
2397 ?
1570 ?
976 1
1456 1
1912 ?
163 1
1457 1
1628 1
410 0
2222 1
948 1
2751 0
2670 0
2580 ?
244 0
2297 ?
2018 ?
2728 1
2023 ?
1120 1
265 0
91 1
46 0
785 1
1168 0
596 0
427 1
2627 ?
607 0
2763 0
1614 ?
2637 1
1355 1
2180 0
85 0
231 1
678 ?
2103 0
1433 ?
957 ?
786 1
144 ?
1220 1
1435 0
1934 0
1146 1
2042 ?
1663 1
1015 0
1407 0
1375 ?
1810 1
1030 ?
474 0
597 ?
1483 1
960 0
2629 0
2479 1
219 1
2544 1
810 1
863 0
757 1
571 1
2070 0
1174 0
2018 0
226 1
1013 1
1477 1
2393 1
2481 1
2255 0
2316 ?
2374 ?
1319 0
804 0
221 ?
54 1
1082 0
657 1
2700 0
1120 1
448 0
2221 ?
2724 1
1544 0
69 1
1063 0
445 ?
1648 0
2614 0
752 1
1583 1
2077 0
1835 ?
2070 ?
2303 1
2068 1
1149 1
2619 0
1733 0
2245 1
1193 0
1340 1
8 0
721 0
2124 1
2356 1
1596 1
1812 1
652 1
479 1
1327 ?
2496 0
2443 1
911 1
1146 ?
573 1
936 ?
97 ?
2261 ?
1372 1
1786 1
1054 1
1450 ?
332 0
2662 1
1727 ?
2533 1
1954 ?
601 0
2741 0
1535 1
129 0
2739 0
2375 1
1525 ?
2281 ?
2494 1
1612 1
342 1
1911 ?
1913 ?
1671 0
1332 ?
50 1
1056 0
2457 1
2459 ?
212 1
1807 ?
2764 0
382 1
1018 ?
294 0
1648 ?
1069 1
2426 ?
1194 ?
2107 1
1840 0
2203 1
1062 0
449 ?
1958 1
502 ?
1208 ?
547 0
2422 ?
704 1
414 0
1009 ?
2499 ?
1911 1
2800 ?
1077 0
343 0
2399 ?
430 1
458 ?
1297 0
1492 1
2361 ?
138 0
1390 0
365 1
1037 1
861 0
1593 1
1507 1
1200 1
2137 1
673 0
417 0
2486 1
1121 1
71 ?
1988 ?
1839 ?
1400 ?
1384 1
1517 0
462 1
436 1
1493 0
1319 0
1245 ?
712 1
2707 0
1227 0
598 1
2812 1
602 ?
2139 1
853 1
2306 0
483 1
576 0
1415 0
516 ?
966 1
1426 0
735 ?
1303 ?
284 0
894 0
484 0
2246 1
1723 ?
1560 ?
2759 ?
1515 1
898 0
1792 0
904 1
1558 0
1836 1
1213 1
1114 0
2403 1
637 1
323 1
756 0
1937 0
1711 0
127 1
1728 0
2492 1
1313 0
2647 1
2568 ?
1105 1
174 1
705 ?
2303 0
1194 1
2062 0
1653 0
1072 0
983 1
49 0
154 1
2042 1
448 0
359 1
1656 0
2115 ?
2068 1
85 0
1877 ?
1544 0
1533 ?
1361 1
764 1
668 0
970 0
2611 ?
1125 0
918 ?
939 1
2576 ?
2177 1
2132 0
443 0
596 1
119 1
2078 1
103 1
2129 0
1402 1
2334 1
1169 0
1064 1
2194 ?
1332 1
2532 0
2011 1
1928 0
82 ?
470 1
2727 1
988 1
901 1
2115 1
2247 0
2153 ?
494 ?
2188 1
2650 1
2399 0
205 ?
1216 0
103 ?
527 ?
1618 ?
1021 0
50 1
1760 1
726 1
1107 0
1868 1
655 0
1887 1
124 1
2732 0
2554 0
1781 ?
688 0
2808 ?
2145 0
296 1
362 1
1749 1
206 0
531 1
2695 0
2083 ?
530 ?
1583 1
1214 ?
2724 0
65 1
2208 1
1430 0
545 1
2492 0
2495 1
2535 ?
2117 ?
294 ?
884 ?
2765 ?
1736 0
1355 1
2430 ?
2266 ?
1605 1
1241 0
283 1
190 ?
2 ?
874 0
178 1
588 1
1808 ?
967 0
1092 1
439 1
359 ?
