221
1 2
2 3
3 4
1 5
5 6
6 7
1 8
6 9
6 10
9 11
8 12
7 13
7 14
12 15
12 16
1 17
3 18
16 19
9 20
12 21
16 22
16 23
3 24
13 25
11 26
3 27
25 28
10 29
13 30
27 31
16 32
20 33
9 34
11 35
15 36
27 37
29 38
12 39
29 40
23 41
29 42
1 43
5 44
28 45
17 46
38 47
6 48
38 49
25 50
34 51
28 52
29 53
10 54
8 55
18 56
14 57
24 58
50 59
7 60
58 61
55 62
53 63
22 64
64 65
58 66
65 67
44 68
51 69
9 70
18 71
24 72
34 73
27 74
5 75
66 76
7 77
36 78
55 79
32 80
79 81
32 82
40 83
79 84
28 85
37 86
62 87
10 88
16 89
75 90
5 91
3 92
21 93
24 94
56 95
11 96
91 97
87 98
54 99
58 100
89 101
93 102
87 103
60 104
79 105
23 106
91 107
2 108
27 109
9 110
85 111
69 112
51 113
78 114
105 115
46 116
66 117
54 118
26 119
17 120
15 121
12 122
68 123
103 124
61 125
66 126
17 127
41 128
95 129
6 130
22 131
84 132
23 133
101 134
127 135
34 136
64 137
93 138
88 139
108 140
48 141
135 142
10 143
7 144
80 145
30 146
9 147
48 148
147 149
103 150
1 151
119 152
128 153
133 154
126 155
3 156
56 157
40 158
15 159
37 160
40 161
16 162
55 163
136 164
138 165
48 166
144 167
79 168
45 169
161 170
133 171
154 172
82 173
93 174
17 175
125 176
28 177
177 178
151 179
106 180
10 181
53 182
96 183
181 184
174 185
2 186
90 187
70 188
120 189
29 190
144 191
113 192
14 193
116 194
163 195
166 196
86 197
159 198
128 199
144 200
79 201
121 202
178 203
138 204
134 205
123 206
170 207
186 208
122 209
86 210
127 211
13 212
71 213
134 214
1 215
52 216
101 217
61 218
192 219
145 220
27 221
