400 557
955552454 573988030 69796342 368679999 693096561 717154374 542217014 387420013 532721306 335347889 80621677 467816240 2809716 788907263 586298073 486497973 929053183 214252188 802304639 52034949 930486862 521962729 391673196 307855187 823592431 573206051 101427130 843265794 32695718 353853344 48023597 194512327 42943094 250076630 101448593 370245893 329552206 383197060 125852190 101762057 444319551 164663177 206467620 616963326 915637921 484644423 533801659 544145853 665441550 964047568 954542720 511730801 494381174 259932574 892525678 370875496 447072419 510369382 215840573 91668196 970285421 266623020 415925034 669376016 190553444 311077616 753255887 627073518 846273133 30585763 849505047 291754998 986702266 932774818 600975970 703355625 782032139 660825284 722222153 791804768 394771393 114930855 357129696 51682092 953013436 142159650 382251149 447871366 304464595 751901473 970953035 307397348 947308220 53066563 479395393 567916765 492138510 840694237 692295802 308608521 897604908 689024704 164244113 198679245 56761520 912709821 945412907 456522038 518632727 941815838 911371845 693366970 901487670 788152145 213076633 841994201 561708342 683129114 434959753 635827973 214149941 29211045 733383082 238699082 591777298 783892219 675967037 546194488 447651410 889369341 251999461 925412596 305099080 714972507 444394887 382605574 82034824 470902067 989696577 767789225 918662307 184948416 894391837 260701432 711656079 510253718 211477775 813649204 293801221 550618037 637947215 386223179 888728368 480515371 88842941 651315891 398941811 305988279 382458830 647552799 269290957 965043307 520335414 981694191 835907021 548058202 323318809 509901688 352217328 108039133 793973223 802530735 654441639 833776422 420641518 241676992 425274178 875647812 806842196 644165297 179716726 266817377 997228087 880031613 504269668 184268691 227296787 602551733 91637490 790751390 283541015 206451217 902174101 729188856 278812052 742152085 986018770 45545475 171226890 909004901 200812884 391794875 976497508 792351846 274652276 273811389 316898045 506984631 931881307 296147526 570953949 686483748 115879200 72556289 801822583 546901243 133927718 307293578 379461305 303625023 264050399 100803109 401237704 684789362 361387193 210571733 454823022 632689652 367535395 219168616 837572465 726501330 461186117 714057912 610894638 879365923 113998284 234717601 599586733 586422735 107702863 533258277 269916956 430666730 346862367 466000726 489383083 31072700 642967177 434117252 622980785 506254993 469685448 564533805 428408253 561132682 511475742 626649392 150381591 523225416 780908 661370875 411249401 51895777 210254621 550895210 146497821 167292503 808663705 882738467 978936070 712713010 333452277 307358382 883837610 177630733 423732248 495607835 865188008 571042723 873568245 746222308 55897558 23030094 3037633 31603511 655942865 707528541 541103345 675143258 712975477 278564959 933642149 884194964 828073068 197598518 231930131 260397640 269704639 935274539 798437342 884466141 572153805 744409970 359792662 800826262 253340837 210313535 167854071 731658082 111566445 703247584 462785923 409005134 538713066 450304715 696863912 988140099 213399588 344589868 541390128 211529660 428939269 583944708 137210207 508550147 346247559 46717240 809351400 359702541 711796667 217685986 422312102 113015902 466481034 736375995 480431591 249129048 628122052 751454976 905753385 404266952 947999216 683979138 668116170 40959344 978993764 866910649 437173781 697732766 699903653 590746826 951558670 625406584 309435410 30801624 983590505 651219924 9813261 407310178 781205576 650525994 958466152 249199656 782531979 387476108 804246888 537003835 725252525 980989192 721747021 149282619 311543596 811284620 449507598 635048178 761610651 979907967 976774393 514047247 432456510 563453782 12866747 880067522 544351646 477363246 444903673 919531815 333686938 176960779 544517004 5152223 223373675 325081994 880896675 635671865 426329776 399182565 719585983 676702598 
0 6316
1 7848
1 8849
0 8339
0 1423
1 2017
0 6179
0 5337
1 1478
0 62
0 3862
0 3781
0 7223
1 4983
1 9149
0 2069
0 2915
1 2795
1 4231
1 8454
1 54
0 8251
1 335
0 7959
0 4742
0 1
0 9613
1 3334
1 7701
1 5676
1 1671
0 9896
0 8444
0 8597
1 6910
0 2226
1 5295
0 8987
1 8768
1 6167
1 5337
0 9102
0 1466
1 6065
1 1818
1 5735
1 1879
1 4367
1 44
0 6487
0 837
1 2137
0 7729
1 4403
0 3781
1 5601
0 9514
0 4108
1 4269
0 5075
0 4274
0 2205
0 8799
0 7445
0 1386
1 3001
0 1133
1 5294
1 3293
1 8508
1 7484
0 4120
0 6824
1 7356
0 1757
0 8631
0 2630
1 4017
0 2096
1 2151
1 6411
1 9391
1 2236
1 4971
1 8923
1 1041
0 929
1 9515
0 8503
1 7157
1 1829
1 5045
1 8611
1 6956
0 5144
0 9878
1 1081
0 7802
0 6710
0 4842
0 2373
1 7099
0 1430
0 1674
0 4981
0 8618
0 6821
1 8554
0 9952
1 8510
1 6020
0 9035
0 8774
1 3989
1 320
0 197
0 2654
0 6911
1 7735
0 9197
1 8012
1 2529
1 256
1 6247
0 8696
0 171
1 2260
1 1301
1 9138
0 5753
1 8290
1 9299
0 8650
1 7535
1 9758
1 8184
0 5339
1 1711
1 6161
0 7529
1 9275
0 9906
1 1755
0 2158
1 6512
1 6731
1 4361
0 1034
0 5140
1 6348
0 4728
1 6784
1 708
1 3742
1 6077
1 3513
0 4607
1 5593
0 2058
1 1839
0 8747
0 4092
0 2868
1 8439
1 3234
0 266
1 9118
0 4532
1 4595
1 2662
0 947
0 741
0 780
1 8384
0 6266
0 3359
1 1563
0 5378
0 8679
0 7981
0 8724
1 2820
1 7198
0 3372
1 383
0 633
1 9694
0 4639
0 2720
1 1124
0 5888
0 3799
1 764
0 5002
0 3262
0 5329
1 809
1 3752
1 8759
0 1685
0 9789
0 4645
0 1479
0 8368
1 977
1 4936
1 2637
0 9521
1 6299
1 7625
0 5993
1 5655
1 5480
0 9763
0 8570
1 8814
1 181
0 9936
0 5753
1 5229
1 8324
0 2949
0 4604
0 9189
1 9048
0 387
1 7298
0 8144
0 2589
1 3372
0 481
1 9706
1 1975
0 9191
0 7438
0 8635
1 5982
1 8944
0 8892
0 9958
0 5741
1 140
1 3128
1 1909
0 4245
0 6988
0 5810
0 4509
0 3424
0 4765
1 2172
1 2669
0 2556
1 7538
0 5256
1 9737
1 4379
1 2931
0 5779
0 412
1 6319
1 857
0 9715
0 7296
0 9247
1 7291
1 5649
0 9457
0 3443
0 3897
1 9664
1 7475
1 5167
1 2427
0 560
1 7349
0 8939
1 5582
0 3068
0 579
0 481
0 3197
1 420
1 581
1 655
1 5193
0 3255
1 9951
0 8079
1 3435
1 2713
1 1264
0 8649
1 8735
0 5835
0 2915
1 8225
1 4687
1 1257
0 5374
0 8579
1 2779
0 9341
1 7705
0 5531
1 9875
1 2276
1 4453
1 2077
1 9414
0 6249
0 1031
0 6003
0 5180
0 6178
0 3285
0 4951
1 3388
0 4062
0 872
0 3600
1 4626
0 3739
0 7880
0 4039
1 4398
1 4640
0 4744
0 879
0 3848
1 7330
1 2049
0 5334
1 3682
0 8747
0 7162
0 284
1 6499
0 3705
0 5053
0 9976
0 1928
1 2118
1 2612
0 6947
0 7913
0 4102
1 8486
1 6361
1 345
1 4526
0 1049
1 9611
0 1917
1 2188
0 9808
1 9528
1 31
1 1179
0 5985
0 5272
1 1912
1 6022
1 1031
1 6717
0 550
1 8964
0 4936
0 3311
1 1477
0 2486
0 3673
0 5178
1 8215
1 7214
0 2920
0 4217
0 9699
0 1512
1 3072
1 7026
1 8473
1 3760
0 1523
1 1567
0 9176
0 7177
0 3375
0 4077
0 9947
0 1015
0 528
1 9518
0 9782
0 7308
0 6776
1 9195
1 1080
1 8588
1 365
1 5755
1 1093
0 2755
1 2908
0 1489
0 7026
1 5718
0 4744
0 1368
0 8235
0 369
1 6819
1 4495
0 3166
0 3523
1 3585
1 579
0 3751
1 1583
0 1323
1 2982
0 7717
1 6058
1 2512
1 4797
0 4362
1 4827
1 9611
0 3867
0 5560
1 8266
1 3851
0 6433
0 5768
0 9746
0 8774
0 2111
0 7583
0 5114
0 8466
0 6325
0 3449
0 2554
1 7111
0 1001
1 5260
0 4237
1 3579
1 6599
1 4908
1 3338
0 1485
1 4239
0 1106
0 6107
0 9964
0 6435
0 6736
0 7573
0 912
0 4937
0 4428
1 5356
1 7639
0 1373
0 8087
1 5273
1 3614
1 3925
0 4864
1 2402
0 3735
0 9436
1 8361
0 6438
0 9259
0 5780
1 4533
1 2780
0 5871
1 3672
0 5886
0 5906
0 2118
1 1638
1 2490
0 8602
0 8032
0 259
0 5344
0 7897
1 6268
0 2389
1 2944
1 6222
0 4544
1 9384
0 4719
0 4913
1 5999
0 2317
0 7474
1 7485
0 9618
1 6936
0 2229
1 2526
0 6691
1 9482
1 3129
1 4939
1 7688
0 8314
1 9060
1 8844
1 6986
1 6498
0 5319
0 6872
1 1060
1 5444
0 3289
1 8386
0 328
0 2330
0 1489
0 1850
0 5036
0 5370
0 780
1 8799
1 8672
1 2176
0 2382
1 8194
0 7428
1 9009
1 1080
1 8975
1 3862
1 7477
0 4448
1 6132
0 5207
0 1025
0 1691
1 3891
1 6780
1 5413
0 1732
0 9046
0 6481
0 7866
1 5802
1 6239
1 2677
0 2750
