868 471 396
766 0
224 1
121 1
314 ?
714 ?
43 ?
77 1
113 ?
659 ?
402 ?
779 ?
259 0
208 1
344 ?
369 1
324 0
433 0
227 1
84 ?
847 ?
161 1
73 1
642 ?
246 1
815 0
370 1
805 ?
157 ?
345 1
581 1
11 ?
800 0
159 1
201 0
125 0
36 ?
61 1
778 0
789 1
389 1
35 ?
804 0
459 0
789 1
366 0
444 0
408 0
84 0
125 0
131 ?
225 ?
21 1
79 0
309 0
425 0
585 1
671 1
845 0
96 0
689 ?
683 1
569 0
682 0
601 1
679 ?
156 ?
498 1
862 1
263 ?
264 0
533 ?
372 ?
584 ?
83 1
398 1
457 1
573 1
423 0
832 0
40 1
409 ?
69 0
379 1
107 1
781 ?
3 ?
488 1
576 0
861 ?
656 0
234 1
504 1
605 0
152 1
390 0
774 0
503 ?
728 ?
842 1
692 1
807 0
73 ?
543 1
765 ?
731 0
173 ?
260 ?
638 ?
249 0
400 ?
710 1
444 0
139 ?
282 0
358 ?
751 0
406 ?
47 1
192 ?
386 ?
794 0
260 0
125 0
145 ?
112 1
268 ?
79 ?
204 0
246 0
783 ?
492 0
497 1
15 0
216 1
30 1
748 1
202 1
38 1
356 0
227 ?
488 ?
441 0
768 ?
463 1
731 ?
698 ?
673 0
494 1
699 1
817 ?
742 0
736 1
440 ?
367 ?
15 1
177 ?
258 ?
239 0
577 ?
670 ?
728 ?
12 ?
70 0
391 1
30 1
202 0
334 ?
383 ?
556 1
517 0
358 0
815 ?
500 ?
240 ?
365 0
689 1
553 ?
191 ?
108 0
355 ?
865 1
590 ?
865 0
507 ?
464 0
307 0
686 0
306 1
789 ?
124 ?
465 0
360 1
758 ?
758 ?
348 1
539 ?
248 1
765 0
311 0
713 ?
617 0
387 ?
389 0
102 0
87 ?
88 ?
54 0
436 1
103 0
401 0
736 1
248 0
119 1
517 0
155 ?
184 1
818 ?
108 0
428 1
129 ?
665 1
359 1
1 1
82 0
287 ?
170 ?
328 ?
776 1
213 1
238 1
859 ?
21 0
565 1
218 0
682 1
216 ?
116 ?
346 ?
62 1
832 0
583 ?
521 1
440 1
377 0
631 ?
557 ?
136 1
309 0
109 ?
765 1
285 0
537 0
764 ?
763 0
393 1
620 0
232 0
57 ?
716 1
806 1
735 ?
697 ?
605 ?
550 0
406 1
665 0
726 1
621 1
810 0
435 0
541 ?
738 0
354 0
483 ?
644 0
322 1
36 ?
844 1
736 ?
167 0
823 1
614 0
297 ?
279 ?
594 ?
852 ?
247 0
273 0
240 0
659 1
416 0
481 0
304 ?
729 0
333 0
800 ?
807 0
758 1
279 0
742 1
268 0
567 0
27 1
681 ?
549 ?
693 0
405 0
193 ?
60 0
459 0
381 1
795 1
507 ?
813 ?
513 0
570 ?
616 ?
766 ?
731 ?
55 ?
843 0
423 0
97 0
248 0
708 ?
601 ?
685 1
523 0
856 0
574 ?
59 1
765 ?
681 0
266 0
803 0
654 0
298 1
121 ?
278 0
99 0
75 1
839 0
566 0
554 0
490 0
625 ?
702 0
677 ?
693 ?
84 1
584 ?
77 1
243 0
637 ?
68 ?
866 ?
478 1
458 1
146 ?
275 ?
473 1
233 ?
584 ?
166 0
544 1
355 1
442 0
14 0
175 1
3 1
122 0
754 0
123 1
95 ?
148 0
504 1
76 0
149 0
88 0
393 1
410 ?
190 0
498 1
35 ?
675 0
610 1
111 1
786 ?
867 1
822 ?
736 1
348 ?
763 ?
551 0
73 0
538 1
267 ?
110 ?
258 1
594 1
799 ?
304 ?
792 0
29 0
165 1
269 1
292 1
315 0
310 0
555 0
122 ?
580 0
447 1
24 1
211 1
804 0
163 0
334 ?
777 1
527 1
494 0
601 0
139 1
480 0
746 ?
380 ?
427 1
60 0
146 1
496 ?
35 ?
51 ?
177 ?
101 0
419 ?
655 0
341 ?
585 0
824 0
235 0
804 0
276 1
719 ?
266 1
338 1
657 ?
296 1
241 ?
416 ?
35 ?
790 1
552 ?
839 ?
655 1
507 0
313 ?
67 1
377 1
406 1
815 1
551 ?
209 0
539 1
139 ?
555 ?
327 0
313 ?
662 0
78 ?
677 1
813 1
