3333 2784 2844
584 1
2979 0
811 0
3238 0
1414 ?
2171 ?
1969 1
2045 ?
2391 1
2638 0
1866 1
312 0
510 1
673 0
1595 0
700 0
262 0
1860 0
1475 1
2851 0
1056 ?
843 1
2501 0
2587 ?
2427 ?
1277 1
673 1
498 1
770 ?
2458 1
83 1
2095 ?
1687 ?
2822 ?
2016 0
510 ?
813 ?
2357 1
298 ?
1602 1
1694 ?
244 0
2887 ?
2658 0
353 1
3147 0
1054 0
2289 0
738 0
941 0
989 ?
1159 0
2981 1
2337 1
1525 0
1341 0
1341 0
2892 0
2760 0
710 ?
2951 0
1645 ?
2855 ?
1594 1
919 0
2186 1
2568 1
1080 1
2236 0
2536 0
221 1
899 ?
561 ?
3101 1
1408 ?
214 0
1065 ?
2102 1
1111 ?
2540 1
3046 1
1140 ?
1382 0
2207 1
1358 ?
3219 1
2288 0
1479 ?
2106 ?
1763 0
1822 0
639 ?
2789 0
904 1
2343 0
2646 1
1842 1
1095 ?
1279 1
1932 1
2173 0
1103 ?
2644 ?
2484 1
1736 ?
1750 1
174 ?
2770 1
2159 1
783 ?
2510 0
1034 1
1005 ?
3291 ?
596 ?
451 ?
3264 0
185 ?
1419 0
3231 0
498 0
849 1
3057 0
2442 ?
279 0
2336 ?
249 1
711 1
2952 ?
1940 ?
2011 0
1786 ?
2729 ?
1176 1
1704 0
656 ?
1151 1
3107 0
1926 ?
480 ?
1584 0
1312 ?
1857 1
2514 ?
2890 1
527 ?
172 1
2043 0
3259 0
1658 0
316 1
1161 0
1298 1
630 0
2509 0
1342 0
146 1
1977 0
905 1
1511 1
681 ?
1410 0
3126 ?
306 0
2531 1
2417 1
123 0
1956 1
767 ?
801 0
2186 0
1834 0
608 ?
2358 1
3014 ?
3087 ?
297 0
2887 1
2186 0
1788 0
2698 ?
3027 1
768 ?
929 1
125 0
3088 ?
2355 1
1839 1
3253 0
296 1
2905 0
2545 0
128 ?
610 ?
85 ?
2689 1
3136 ?
997 ?
1510 ?
460 1
1106 1
3064 ?
1674 0
2308 ?
2588 0
2945 1
304 1
589 1
2186 1
2727 ?
3012 1
3012 ?
649 ?
821 0
2341 ?
1402 ?
628 0
734 1
3323 0
2596 ?
2589 0
1894 1
1362 ?
273 ?
2091 0
1269 1
20 1
3016 0
1282 ?
2688 0
247 1
1500 0
976 ?
197 1
1000 1
411 0
2118 1
2683 0
2552 ?
394 1
1205 1
2409 1
2553 1
521 ?
889 0
687 0
2694 0
1998 1
1074 0
2324 1
542 0
341 0
3104 0
2274 0
75 0
794 0
3214 1
64 0
2429 1
2681 0
296 ?
2461 0
2873 ?
1462 0
1031 0
434 0
154 0
3082 ?
580 ?
652 0
2472 1
3081 0
1059 0
528 0
1680 1
2390 1
2902 0
3053 ?
1252 0
210 1
1973 1
215 ?
1528 ?
1556 0
2130 ?
2627 1
1310 ?
2803 1
238 ?
2374 ?
807 1
2118 1
901 0
1806 1
681 0
588 ?
365 1
1673 ?
2161 ?
3230 1
1914 ?
315 ?
1461 0
2352 ?
2420 ?
135 0
605 1
1522 1
3083 0
1363 0
613 0
1037 0
466 ?
2055 0
1431 ?
1993 ?
1090 1
1267 1
1958 1
414 1
1648 ?
1034 1
1943 1
871 1
211 0
101 ?
164 0
1611 0
2643 ?
2471 1
101 0
2642 1
3288 0
1720 0
1216 1
1877 1
750 0
331 0
1733 ?
2961 1
183 ?
1742 1
875 0
319 1
1083 1
383 ?
3291 ?
2032 ?
2120 0
515 ?
2381 ?
778 ?
2514 ?
2132 1
342 1
2488 1
2457 ?
1221 ?
1658 ?
1613 1
2237 1
2162 1
777 ?
2164 0
42 0
337 ?
2292 ?
3300 0
2398 ?
2274 0
918 ?
2787 ?
787 ?
3313 1
2618 ?
362 1
21 1
1056 1
3130 0
3016 0
830 0
1730 0
2973 ?
2515 0
555 1
1127 ?
707 ?
2117 0
733 ?
1047 1
1887 0
3271 1
2198 1
2707 1
154 1
821 0
818 1
1813 1
393 0
3277 1
2880 0
2783 1
1131 ?
734 0
2914 ?
2117 1
2119 1
1548 ?
1780 ?
1043 1
1656 ?
2737 0
404 ?
740 1
2266 0
414 1
1399 ?
1336 1
2118 ?
1664 0
1927 0
2394 1
794 ?
423 ?
27 0
1105 0
2935 1
2859 1
1722 0
1329 0
2731 1
2244 ?
541 1
2287 0
778 ?
1715 1
1087 0
2966 0
1435 1
1551 0
1712 0
2333 ?
1497 0
2787 0
487 ?
1141 1
908 1
3264 ?
956 0
3152 0
2731 1
2398 1
2718 1
2888 0
1630 ?
2199 1
2370 ?
717 0
473 0
1597 ?
254 ?
302 0
1905 1
1453 ?
815 1
1733 1
688 0
1694 ?
2998 ?
1677 1
245 1
1716 0
2765 0
1765 1
914 ?
409 ?
152 ?
1525 0
639 0
1962 0
2723 1
330 1
2065 0
2155 ?
2462 1
1234 0
356 1
2217 0
2766 ?
2093 1
2064 1
3048 1
1140 0
2373 ?
3219 ?
1933 ?
44 0
1955 0
698 0
1378 1
1130 1
2441 ?
2444 0
2885 1
2705 1
834 1
1384 1
2199 0
431 ?
793 1
78 0
2687 ?
2167 ?
2559 0
684 ?
1500 0
1285 0
1719 ?
510 ?
2090 1
1722 0
1588 1
54 ?
1749 1
3096 ?
959 ?
3220 0
83 0
1666 0
2139 1
211 ?
612 0
951 ?
507 1
2571 ?
280 0
968 0
3070 1
1876 0
686 0
3163 ?
1455 ?
1604 1
2607 0
1651 0
1814 1
1937 ?
2964 0
253 0
1714 0
1952 ?
1756 1
2098 ?
1156 ?
25 1
2720 0
1623 0
1853 0
1531 0
3020 ?
2338 1
640 0
3196 ?
1296 1
743 ?
2046 0
1074 0
312 ?
723 1
817 0
3115 1
1528 1
1150 ?
1844 ?
1231 0
144 0
2829 1
1305 0
2802 0
1757 1
3146 1
1230 0
1642 0
422 0
1684 1
2853 ?
2762 ?
320 0
2558 ?
215 1
738 1
3233 0
794 0
318 1
132 ?
3023 0
2207 ?
2288 ?
1182 ?
2008 1
1308 ?
1612 ?
1451 0
3245 1
719 ?
2409 1
1495 0
251 0
2020 0
406 1
140 ?
2581 0
764 0
293 1
1349 0
836 ?
2818 0
891 ?
2744 ?
33 ?
2047 ?
2357 ?
251 1
3100 0
3295 1
2812 ?
2245 0
2157 ?
3002 1
2696 ?
572 1
624 1
679 ?
1219 0
2196 0
1616 ?
1688 1
1551 ?
3310 1
411 1
2040 ?
850 0
28 0
347 0
386 1
2592 1
1427 ?
1686 1
1733 1
1404 0
388 0
1497 ?
2334 0
569 0
2432 0
2338 0
664 1
1438 0
252 1
248 1
1118 ?
620 1
1657 1
582 ?
443 1
2203 0
2932 0
209 ?
2924 0
263 0
1657 1
155 ?
1019 0
2755 0
344 1
3028 1
2447 0
1495 1
3087 1
618 1
1776 0
323 1
2141 ?
2774 1
3166 ?
133 ?
2397 0
120 ?
286 1
41 0
1704 1
655 0
686 1
746 1
992 1
997 1
1953 ?
1913 ?
208 1
2412 0
530 0
3241 ?
1422 ?
2358 0
1713 1
3240 1
2000 0
696 ?
906 1
1242 0
3028 0
2143 1
1280 ?
2128 ?
2137 ?
2062 ?
595 1
415 0
77 0
1350 1
1085 ?
2906 ?
2993 0
1141 0
2455 1
148 1
3148 ?
1630 ?
530 0
1407 1
695 ?
2997 1
472 1
1240 0
2059 0
2913 1
353 0
3258 0
728 ?
2448 ?
750 ?
1730 1
3278 1
1700 1
713 0
72 0
1125 1
2314 0
943 ?
3203 1
3060 ?
958 ?
3117 1
342 ?
2639 ?
935 1
665 1
1556 0
2714 1
2182 ?
877 1
57 1
2166 0
3314 ?
1207 1
1889 ?
2039 ?
2640 0
3091 1
306 ?
3098 0
2252 ?
2302 ?
1198 ?
3079 ?
3100 ?
3209 0
2429 ?
1172 1
2509 ?
78 ?
2429 0
1581 1
1034 0
2689 ?
1872 1
2556 ?
2090 1
3023 ?
1794 1
1195 0
916 0
1216 0
2495 ?
1768 ?
2971 ?
622 1
1986 0
1679 0
775 ?
1933 ?
1736 ?
1185 0
2908 0
1812 ?
1477 ?
2590 0
1992 ?
1747 0
1904 1
2673 ?
2709 ?
2726 0
439 0
767 ?
1794 0
1250 1
1685 ?
2711 0
1115 ?
2685 1
1052 0
125 0
2320 0
589 1
1254 0
2036 1
2290 0
558 ?
725 0
2510 ?
2246 0
90 0
2625 1
2088 1
3094 ?
2660 ?
3243 ?
2250 0
1754 0
2671 0
807 1
2195 1
1242 0
268 1
3074 1
3122 0
1409 1
2406 ?
2749 ?
2138 1
2264 1
105 1
200 0
1595 1
2431 1
1139 1
1133 1
902 1
2291 0
399 1
2942 1
3298 0
3318 0
2464 0
1123 1
1426 ?
245 ?
688 ?
3156 ?
1214 0
1805 1
828 1
710 1
2684 1
609 0
2527 1
2548 1
2467 0
2978 1
3170 ?
319 ?
2663 0
3231 0
305 0
2810 0
2135 ?
2256 0
3182 1
2083 0
649 1
2172 1
3228 0
2572 ?
143 0
2540 1
148 0
1054 1
515 1
920 0
704 1
2716 1
1857 ?
290 0
3280 0
1369 ?
2427 0
1085 ?
823 ?
2379 1
2626 1
623 ?
1014 ?
715 ?
2683 1
1309 1
2438 0
2769 1
1663 1
2065 0
1320 1
2170 1
2038 ?
507 1
2709 ?
415 1
877 0
407 0
2128 ?
1765 ?
667 1
1374 0
3304 1
1466 1
2024 1
32 ?
2439 1
1577 ?
807 1
3275 0
1044 ?
3266 0
2965 0
1980 ?
1356 ?
89 ?
1417 ?
493 1
1163 ?
810 1
270 0
2703 1
2590 ?
1271 ?
1662 1
24 0
3113 0
2146 1
2310 ?
2177 ?
249 ?
812 1
397 1
2656 1
1591 0
1887 ?
909 0
891 1
582 0
1906 0
1884 1
2877 ?
1773 ?
1965 0
2245 0
2765 1
2154 1
1090 0
3189 ?
313 0
1104 ?
2803 ?
1334 1
621 ?
634 ?
3238 ?
3218 1
1488 1
2019 1
2846 ?
1370 0
2792 1
839 ?
2654 1
2424 1
1813 ?
1774 0
2451 0
127 ?
3108 1
2003 1
2281 1
1505 1
2720 ?
1259 1
528 ?
1376 1
2109 ?
1991 0
2132 0
1267 1
827 1
3062 0
318 ?
1494 0
2404 0
2220 1
596 0
2387 0
484 ?
66 ?
169 0
2522 1
394 1
1101 1
599 ?
2201 ?
1727 0
2276 0
2323 1
2522 ?
2413 1
2553 1
789 ?
2824 ?
3151 1
2676 1
2385 1
3214 1
3088 ?
3303 1
752 1
1779 0
64 1
2843 1
2023 ?
79 0
2471 1
342 1
2291 1
3161 ?
2110 0
2020 0
1437 0
2638 ?
1487 1
2820 1
1375 ?
1391 0
761 1
1603 1
1154 0
2893 ?
3023 0
2219 0
169 0
58 1
2172 0
672 ?
2595 0
1709 1
792 0
1989 ?
1147 0
2542 1
2872 1
3197 1
48 ?
2794 ?
3112 1
496 1
2661 1
2846 ?
1055 0
3181 0
160 0
794 ?
1854 1
1212 1
3012 ?
2153 ?
309 1
772 0
2685 0
158 1
1002 ?
115 0
190 ?
1619 ?
2971 ?
2688 0
926 0
732 1
2528 ?
2604 ?
441 1
2156 1
1884 0
377 0
1418 ?
2144 0
562 0
2436 0
551 1
1402 ?
1876 0
3058 ?
2858 ?
2313 1
3322 ?
3270 1
2077 1
2178 ?
2225 ?
1235 ?
2068 ?
1013 1
395 ?
3072 1
585 1
1171 ?
2786 0
2483 0
1527 1
454 ?
2597 0
3204 0
604 ?
2555 1
1275 1
3214 0
3172 0
1884 0
993 1
1236 1
2609 0
2740 0
3252 ?
1880 ?
1004 1
671 ?
2893 0
2878 1
71 1
173 0
2058 ?
1744 1
762 ?
2534 1
213 ?
2470 0
536 1
1597 0
478 1
1678 0
1845 1
378 0
559 0
574 ?
2595 ?
379 1
887 ?
339 1
1832 ?
2210 1
1155 0
1742 ?
1002 ?
1093 1
101 0
2028 0
46 1
574 1
2714 0
88 0
2147 1
2151 1
288 ?
1750 0
121 ?
1666 ?
973 ?
2244 0
2284 ?
2093 ?
390 ?
1090 ?
137 ?
2652 0
632 ?
2547 1
2252 ?
2070 0
1450 1
3005 ?
2964 1
3162 1
3168 0
2280 1
2639 ?
519 0
174 1
1883 0
2113 ?
61 0
2473 0
2490 1
2844 1
1537 1
2447 0
1252 0
1583 0
2754 ?
1795 ?
1650 ?
2920 1
1307 0
2554 0
750 ?
1582 0
595 0
155 ?
1000 1
920 1
333 1
405 0
1756 ?
3078 ?
590 0
345 ?
2450 1
1484 0
959 0
1417 1
3062 1
473 0
43 ?
2275 ?
678 0
224 0
1490 1
2431 1
2926 0
706 0
2662 1
2673 1
1428 0
2254 ?
2435 1
1003 0
55 ?
1723 0
3246 1
1867 0
64 0
3161 1
1336 ?
800 0
1430 1
3286 0
2952 ?
2171 0
1223 1
1774 1
3180 ?
2912 1
1747 ?
2523 1
519 0
2133 0
1404 ?
3232 1
3003 1
1902 0
477 ?
319 ?
364 1
1808 ?
3253 0
506 ?
341 1
806 1
2045 0
1137 1
472 0
2274 1
452 1
1227 ?
3094 1
1683 0
918 1
2778 0
2394 1
1964 ?
479 1
997 ?
1066 ?
215 1
1427 0
576 1
776 ?
1569 0
1014 ?
450 0
2232 0
81 1
140 0
2930 0
1423 ?
631 ?
1329 0
3310 1
77 1
556 ?
1954 1
1699 ?
409 ?
3197 ?
1333 1
2646 ?
2137 ?
2043 0
2961 ?
2077 ?
1223 ?
173 1
1574 ?
2658 0
3080 0
2617 1
3024 1
2695 ?
1962 1
1604 0
205 ?
938 1
2621 0
3223 1
1487 1
615 ?
415 1
1991 0
2646 ?
579 0
2722 ?
2315 ?
2817 0
969 1
1808 ?
1658 1
581 ?
57 1
517 1
2552 ?
727 1
2885 0
1799 1
1973 ?
2063 0
1934 0
2491 1
1175 ?
1929 0
2617 ?
170 ?
215 1
2827 ?
593 0
1692 0
2001 ?
959 ?
1580 1
563 ?
253 ?
3318 1
1191 ?
687 0
3285 ?
2022 0
2220 0
2710 0
1963 0
1476 ?
839 1
2584 0
2676 1
1881 0
2567 0
472 1
1826 0
765 0
2282 ?
264 0
2291 1
1899 ?
1773 ?
2769 ?
3072 1
1073 1
3251 1
2617 0
1277 ?
1822 ?
1671 ?
2928 ?
117 1
1409 ?
2613 1
2220 ?
1933 ?
1122 ?
86 0
545 ?
1884 ?
3109 1
1186 0
2118 0
2511 0
2277 ?
928 1
1817 1
1112 ?
216 1
2731 0
1855 ?
2598 1
3124 ?
885 1
111 0
2291 0
421 0
2361 1
902 1
838 1
1530 0
3240 1
1918 ?
98 0
169 ?
1068 0
1259 0
842 0
2227 ?
2538 ?
2042 ?
3118 1
2751 0
651 0
3080 ?
2978 1
1483 ?
2189 1
1531 1
2222 1
2213 ?
1767 0
2601 1
2059 1
858 0
516 1
924 1
1165 1
332 0
18 1
372 0
3310 1
2158 1
2990 1
3072 0
3209 1
1653 1
216 0
436 0
2485 1
2837 ?
2544 1
990 ?
639 ?
379 0
605 1
1936 0
126 ?
3082 1
42 ?
1139 0
1511 1
1495 ?
876 1
2193 1
538 0
809 0
558 0
1623 ?
1410 ?
2792 0
728 0
969 ?
2209 ?
1829 0
1142 0
220 ?
1663 0
2256 0
1190 1
118 0
1868 0
2678 0
2452 0
1311 1
885 1
2368 1
2462 0
1416 0
2529 0
3153 0
2793 ?
2680 ?
3247 1
3186 0
868 ?
1035 ?
1923 0
581 ?
2462 ?
2013 0
2126 1
2093 0
1775 0
512 0
2546 1
2690 0
2322 1
501 0
1631 ?
1675 ?
290 ?
1240 1
1297 0
1627 1
279 0
1536 0
1112 ?
1546 0
1013 0
239 1
1021 1
292 0
381 1
2184 0
2362 ?
2172 1
2857 ?
351 1
679 1
1602 1
1175 ?
2500 1
3097 0
2031 0
2509 1
1813 0
360 1
1035 ?
1440 0
661 ?
1841 0
2455 ?
790 ?
1239 1
2412 ?
1441 1
1799 0
296 0
447 1
703 ?
1278 ?
433 0
1170 ?
1334 0
37 ?
2693 1
2119 1
649 1
1311 1
1931 0
2147 0
2800 1
304 0
433 1
102 0
3322 ?
1408 ?
1442 ?
2616 1
1783 0
590 ?
597 ?
1387 1
2551 1
1917 0
1702 1
2214 ?
1600 1
1561 0
2760 ?
3223 0
1181 ?
1890 ?
189 0
718 ?
308 0
2311 1
237 0
89 0
1799 ?
1961 1
3295 ?
1327 0
2764 0
2886 ?
2816 1
2563 1
1293 0
3311 ?
69 0
203 ?
1905 1
1455 0
2903 0
2710 0
1262 0
1190 0
1309 1
1954 ?
2608 ?
3104 0
309 1
1090 1
1693 0
2475 0
2579 0
643 1
1331 1
537 0
182 0
3285 ?
802 0
715 ?
1470 ?
1258 ?
2525 1
855 ?
2484 1
839 1
1060 ?
1053 ?
242 0
2459 0
468 1
3125 0
3077 0
29 1
878 1
841 ?
3185 0
1482 ?
75 0
960 1
570 0
1709 1
1385 0
1086 1
2196 1
3142 0
1862 1
2040 1
662 1
3254 ?
1905 1
2253 0
81 1
80 1
2587 ?
964 1
2661 1
1896 1
1852 ?
2208 1
1778 1
1741 1
1772 ?
3182 0
1241 0
2211 0
261 1
1135 ?
2118 ?
979 0
2944 ?
197 ?
649 0
3309 1
1868 0
3246 0
1694 1
2776 ?
2805 ?
1206 ?
1360 0
2882 0
1953 1
9 0
2445 1
2875 0
2794 0
191 1
2392 1
3300 1
480 ?
335 ?
1804 0
3189 ?
2078 ?
1993 1
1605 1
2172 1
3031 1
297 1
835 1
1720 0
1049 0
1059 1
2017 ?
186 1
810 0
962 0
1034 0
1820 ?
1193 ?
296 ?
565 ?
947 1
1815 0
3042 1
988 0
2043 ?
2198 1
1513 1
904 ?
943 ?
92 0
1314 0
974 0
438 1
2718 1
2189 1
250 ?
2006 0
1143 ?
377 ?
1257 0
3118 ?
3288 ?
1916 0
1463 0
151 0
2507 1
177 ?
1372 0
3215 0
690 1
3269 1
1852 1
927 ?
1749 ?
399 ?
42 1
1116 0
2048 1
2137 1
2040 0
1668 0
653 0
2950 1
2773 0
1639 0
2459 0
3055 ?
2605 ?
1979 0
809 0
1626 ?
2768 1
891 ?
2420 1
2421 0
609 1
431 1
546 0
1233 1
551 1
259 1
1810 1
1695 1
824 0
2766 1
1351 1
601 ?
107 1
1180 1
467 ?
1560 ?
1307 ?
1537 0
2842 0
586 0
582 ?
218 0
1022 ?
773 ?
1196 ?
57 1
651 ?
267 ?
946 ?
368 1
1824 1
2971 1
1816 0
512 0
803 1
2206 0
902 0
135 0
2197 1
460 1
1589 ?
1649 1
3274 0
521 1
1804 ?
255 0
1693 0
1343 ?
1345 0
1870 1
1718 0
1443 1
2751 0
1856 1
2915 0
1245 ?
3324 ?
645 0
1402 ?
2147 1
2280 1
1239 0
507 0
2350 1
2862 ?
2090 0
440 ?
117 1
505 ?
2989 ?
1416 1
769 ?
1916 1
1536 ?
2720 ?
2669 ?
1978 1
3194 1
694 0
965 ?
1479 0
1275 1
3098 1
257 1
967 1
2782 0
231 ?
1526 0
2408 0
239 1
2439 ?
1494 ?
2482 0
1207 1
1386 1
3251 0
1731 ?
1164 ?
1789 0
2 ?
285 1
2412 0
1086 1
1370 1
2964 0
2583 1
3302 0
2242 0
893 1
812 1
1160 0
2914 ?
1230 0
1747 ?
692 1
2027 ?
2321 0
973 1
390 ?
3317 0
771 ?
2496 1
1000 1
970 0
1360 1
2852 0
1949 ?
2258 0
2997 1
1120 1
478 0
3054 1
227 ?
927 ?
1390 1
415 0
1658 ?
2525 ?
3002 0
35 0
3327 ?
490 0
3207 0
1933 0
2175 1
1727 0
2647 0
2407 ?
982 ?
1631 ?
3141 ?
3021 ?
2214 1
2612 0
622 ?
2083 0
100 0
2759 ?
1605 1
429 ?
1240 0
257 ?
1128 ?
1214 1
2720 ?
3073 1
1046 1
2822 0
3054 ?
1552 ?
143 ?
2275 0
344 ?
2510 0
597 ?
1097 1
2013 1
1212 ?
1797 ?
1001 ?
1198 0
3069 1
2675 ?
2701 ?
29 1
1048 ?
672 ?
2183 ?
163 1
1180 1
827 0
1780 1
465 ?
1879 0
3185 1
251 ?
3238 1
3247 ?
465 0
3286 1
218 0
874 ?
2920 0
2642 1
117 1
2606 ?
2538 ?
2055 1
1724 1
1618 1
1193 0
3168 1
239 ?
2700 0
950 0
1308 ?
2369 1
97 ?
573 0
1011 0
3086 0
735 1
462 ?
2677 0
965 ?
2612 0
3264 0
3219 ?
1152 1
2480 0
2254 ?
2651 ?
1176 1
841 0
770 1
3163 0
2322 1
2515 1
1455 ?
2647 ?
20 ?
2265 0
1680 ?
863 1
655 1
534 1
702 1
876 0
871 ?
857 ?
1518 0
3094 0
2922 ?
2245 0
41 0
2183 1
2099 ?
574 1
3256 1
1843 ?
1389 0
2949 0
3182 ?
2392 1
2896 1
3093 1
2904 1
1181 ?
268 ?
27 1
3331 ?
1245 1
26 1
759 1
2299 0
3023 0
1871 0
2537 1
390 0
21 1
1541 0
106 ?
1245 1
2718 ?
2049 0
2774 ?
1678 0
2674 ?
1418 1
3130 1
959 0
1470 1
2193 0
1058 1
1446 0
2324 1
3194 0
2448 ?
562 0
2787 0
2949 0
2490 1
1631 ?
620 ?
1466 ?
2967 1
735 1
953 0
1152 ?
828 ?
331 1
691 0
1544 1
1115 0
494 0
3039 0
989 ?
1232 1
2724 1
1647 0
1677 ?
3314 1
384 0
225 0
2537 0
1497 0
843 1
520 0
410 ?
3247 0
2249 ?
31 1
1773 0
3160 0
1332 1
2361 0
3097 0
433 1
2834 0
2033 1
2971 ?
57 ?
1822 ?
2352 0
904 ?
1918 1
2458 ?
1624 1
669 0
2326 0
3153 0
1076 ?
779 1
1233 1
2453 1
1469 1
3043 1
97 1
2998 1
2279 1
1410 1
1842 0
475 0
2301 0
574 0
3284 0
2678 ?
1839 0
909 0
2031 ?
1150 1
795 1
2663 1
2081 0
2703 0
1082 ?
2077 ?
2612 ?
25 ?
475 0
972 1
1236 1
1518 ?
444 1
2474 1
545 0
631 ?
1214 1
361 0
1747 0
1600 ?
3231 0
1869 0
2638 ?
2049 ?
2383 1
258 0
1477 0
1332 0
1885 0
578 ?
3152 ?
1019 ?
1767 ?
1946 0
1844 ?
1384 1
1564 1
701 ?
1258 1
1313 ?
137 ?
1960 0
2482 0
374 ?
182 0
2753 1
2674 ?
331 ?
431 0
905 1
3286 0
2883 ?
2248 ?
533 0
918 1
610 1
1624 0
1056 0
1366 0
2508 1
2499 1
2703 1
1857 0
257 0
2690 1
1882 0
526 0
182 0
3062 0
2943 0
3065 ?
3261 1
1399 ?
2631 0
1940 ?
1327 1
3250 ?
3295 0
1496 1
827 ?
2119 0
2537 0
2443 0
2820 0
1225 1
1971 ?
661 1
1184 ?
401 0
2382 ?
2871 0
263 1
1507 1
897 1
3000 ?
3294 1
831 ?
2450 0
328 0
2010 0
1169 1
2044 ?
347 ?
77 0
1036 0
749 0
1082 1
2164 1
3051 ?
2718 0
1653 1
2555 ?
1793 0
766 1
1131 1
823 0
3233 0
76 1
3221 0
1517 1
2069 1
1259 ?
1349 0
1518 1
1318 0
1939 1
1394 0
2065 ?
1866 0
2638 ?
1890 ?
1883 1
1202 1
958 ?
727 0
563 1
1753 0
3083 1
2918 0
823 0
1094 1
4 1
1708 ?
281 0
377 0
1252 0
1843 1
829 ?
2956 0
849 0
1254 1
1432 1
402 1
2106 1
767 ?
1352 ?
1667 ?
1353 1
1526 ?
1268 1
543 1
2596 1
380 ?
583 ?
1935 ?
2363 0
1201 1
3271 ?
542 0
2282 0
408 1
2006 1
205 1
630 0
2455 ?
2636 ?
1818 1
2768 ?
2798 0
2746 1
543 0
219 1
484 0
528 0
1128 1
380 1
94 1
1503 1
155 0
363 0
1702 0
2211 ?
79 ?
1780 0
2210 ?
2347 1
1779 1
2058 ?
1637 ?
376 1
1384 1
2880 1
1521 ?
1766 ?
1737 1
534 ?
2264 0
1613 ?
3089 0
593 1
3028 0
2494 ?
1645 1
2625 0
2181 0
2982 0
2072 ?
1448 ?
3258 0
1773 0
2285 1
2103 ?
2327 0
2229 0
556 ?
616 0
2781 ?
2789 1
2559 0
986 ?
1350 1
1826 1
1631 1
2520 1
3316 0
857 0
40 0
3241 ?
1482 0
1856 0
1514 ?
2983 0
1088 1
1066 1
2730 ?
1547 1
781 0
901 1
3268 1
676 0
292 ?
3036 1
3154 0
1846 0
2318 1
856 ?
1567 ?
2252 1
1088 0
1078 1
241 ?
3122 0
1566 0
1220 ?
1003 1
1740 1
2667 0
897 0
3090 0
2472 ?
2303 0
3289 0
612 ?
2649 1
3144 ?
922 1
1994 1
1245 ?
93 0
2487 1
2999 ?
2740 1
705 1
3175 0
3208 ?
2395 0
910 0
1388 ?
2961 0
1911 0
520 ?
1627 1
903 1
2683 0
1452 1
123 1
423 1
3167 ?
134 0
2467 ?
2801 0
2599 1
2195 ?
848 0
82 1
1659 1
1644 ?
1923 1
2217 ?
2659 1
3082 0
2175 0
750 1
272 1
131 1
271 ?
680 0
1983 ?
1146 ?
3317 0
1899 0
498 0
1743 1
2377 1
1373 0
2484 1
380 ?
2622 ?
2700 ?
1687 ?
1350 ?
1762 ?
1683 0
1450 0
2939 ?
89 ?
456 0
1355 ?
978 1
2473 0
1283 0
3179 1
1635 ?
3163 ?
2819 1
897 0
2056 1
3204 0
290 1
2127 0
244 1
1042 1
2727 1
394 1
833 1
555 1
3295 0
60 1
1871 1
1190 0
815 ?
3332 0
1751 1
2778 1
2746 ?
2957 ?
1983 ?
2505 1
1710 1
2787 ?
1208 ?
2992 0
253 1
1012 ?
2765 1
3166 ?
150 1
674 ?
2092 ?
202 ?
534 1
644 ?
17 0
2107 1
14 1
1989 ?
3072 1
2197 1
345 1
2188 1
1453 0
2408 0
750 0
2458 0
2245 ?
2589 1
374 ?
479 ?
446 1
2698 ?
2603 ?
2365 1
1229 ?
1736 0
2211 0
1525 1
1832 1
2378 0
1084 0
414 1
396 ?
2138 ?
858 ?
2632 1
1129 1
1819 0
937 ?
162 ?
1585 1
2210 0
2865 0
471 ?
1455 0
596 0
882 ?
2055 ?
21 1
3234 0
2326 ?
2800 1
691 1
2500 1
2894 ?
2741 0
2731 ?
976 1
3060 ?
3101 ?
3314 ?
1889 0
68 0
2316 ?
977 1
1208 0
2666 ?
1808 0
1932 0
1206 0
1864 1
612 0
2181 ?
3242 1
2302 1
295 1
161 0
1866 1
103 0
2514 1
1214 0
593 1
2745 1
2714 0
1985 1
2167 1
2280 0
113 ?
1611 1
2274 1
2728 0
2725 1
138 ?
2404 ?
1847 0
2929 1
2664 1
372 0
1895 1
1879 1
146 1
92 ?
3184 ?
2638 1
654 0
2888 0
855 1
637 ?
985 1
2572 1
504 0
3294 1
904 0
1815 1
504 0
2101 ?
1611 ?
2906 0
2721 1
98 0
2252 1
3044 1
954 1
2448 ?
688 ?
186 0
530 1
1180 0
1804 ?
2427 0
1926 0
448 1
2851 1
1909 ?
555 ?
860 ?
691 0
3020 0
721 1
1028 1
978 0
2196 1
3078 1
1533 0
2633 0
1520 0
3109 1
1877 ?
1767 0
2796 0
1300 1
1332 1
2961 1
245 0
2554 0
4 1
1559 0
2176 ?
1521 ?
538 1
2827 0
2449 0
3097 0
828 ?
1075 1
1036 1
279 1
2968 ?
2127 0
130 1
1021 0
503 0
855 0
2083 1
725 ?
137 1
262 1
3304 1
930 0
2387 1
1873 1
908 1
3155 1
130 0
2693 1
2617 0
2353 1
602 0
1396 1
1492 ?
2770 ?
1245 ?
2210 ?
2272 ?
1900 ?
2291 1
2771 0
2322 ?
551 1
2501 0
1529 1
678 1
852 0
1179 1
827 1
948 0
1832 1
502 ?
1282 0
750 1
965 1
1847 1
2524 0
1601 1
2506 1
1936 1
2090 ?
2946 ?
469 0
1878 1
1026 0
2879 0
1014 0
2618 1
1079 ?
2479 1
3092 0
192 1
2899 ?
