79
42652 82015 73223 58898 75229 88443 21537 -21191 -86059 -30002 75113 66916 65882 6093 54656 99735 23735 6922 78628 -96332 -6586 51178 -59399 7649 -80804 -94608 34943 13089 -69153 69538 16975 -32500 -85310 49010 89826 517 1678 -18204 67264 -60685 38054 -70975 11213 99196 -6926 77501 73237 -65193 7982 -77311 -7152 -73089 29287 -34659 88936 -22321 83758 74359 -89787 -30629 -9010 -32195 -11750 20122 6034 18618 -24421 68788 72036 -73763 -29233 -5246 61531 91569 35650 -32191 3005 -83638 8203
-35022 -20543 14800 87771 -91365 75414 65447 98952 -44784 85317 8298 -84002 63479 62797 1580 80691 90249 -11925 21125 -91530 -7940 -98331 -20498 -15291 -70831 -3435 79525 -3826 -94542 -83948 93785 -79823 75348 76899 -42603 79299 -47803 -29853 92233 55053 -16461 -87412 -98777 50303 22570 83476 -2986 50368 54541 29458 33784 -74847 -92195 61238 -63653 -68627 -29478 48890 63854 -9267 34593 -59049 53120 93825 47875 -14866 -29564 42457 -27323 40393 36865 13178 0 43758 -18342 43884 69800 8854 52469
-12432 14541 -39100 56346 -93559 36498 -39399 48195 97995 88804 -61246 -8600 -17798 -11894 -6748 -57639 -23534 27630 -47872 -81520 43043 70391 -58826 39890 99213 61624 14031 -34408 -4947 94235 7570 35284 -73251 460 -27612 38898 -73734 95686 33067 -96710 58759 -89946 59761 -51406 69414 -10108 -38030 -94943 -92870 -3269 -87269 -59150 -30461 82338 51282 -3188 -6472 35839 46195 98371 -99186 96777 -94245 -2751 78059 59173 22477 33778 -10267 47910 13799 444 -80491 22972 -61659 -67919 24200 99696 -17158
48217 -48133 -54881 -96478 -12012 24029 25766 -44379 -9174 -20486 41621 40379 83180 -24661 80368 -35020 14408 -96738 -9976 66806 -84107 -60220 12067 63522 41488 -96534 38723 -40519 36914 81005 44164 68411 -37827 10792 -53523 -82958 18868 -30422 -57399 -96790 -56309 -92091 -93895 35533 34164 -90294 -86641 -69811 83499 -4479 23688 71042 -96669 -52083 30501 -78903 2655 47255 -32660 -18710 43374 -61063 -93281 80910 -93140 -62 73933 98563 22149 -94403 -71894 -76001 -24567 87669 39692 -80913 97693 83199 -62429
97691 -73298 -61028 -46528 22116 -28249 -80789 74581 -84897 -23893 -30723 -17142 43221 37082 -60508 27760 94735 -95098 -37999 -64011 32603 -20852 17616 80385 18588 25745 92212 -4946 -2960 -51706 27797 84365 -59077 -44088 -26804 76898 -27080 81886 77252 -15187 -61618 65568 -86527 -72256 33718 -8439 55335 27879 21164 32712 -1373 -51407 -73217 -31446 66914 59419 -20953 58333 12306 -97664 7020 33177 -33929 -70436 -52796 39996 -39839 -59777 75457 24745 42067 -14689 37010 -71778 54002 77005 -50693 -52541 -24385
-48140 2310 44731 82836 51803 -21839 80104 -93107 57914 25451 -5849 -99620 64990 38015 85320 -77640 -17274 -13322 37440 -2448 53000 -94074 15187 19690 94499 -36630 20450 77534 -59822 -31258 -90720 -94816 61625 99703 379 78901 -46049 -13445 30972 -79060 -49119 -19303 -3307 69285 -14027 3130 96467 19394 16730 28368 82331 772 66173 -43770 -44685 66414 88629 -70917 -36361 -40242 21746 17015 -18445 64822 43435 -36450 -85611 -80417 30912 -50809 53337 68276 -86613 -54093 -66410 65447 92588 22588 -90081
-89345 -43480 9826 -41116 2521 8721 83297 -14948 85773 -95807 82764 93560 28123 64348 -70010 -43389 37759 -35952 74633 -93081 32488 56569 -7452 -1150 -38598 51149 -70889 -46580 -67451 13136 -77234 -64386 6260 50578 -24355 3115 -96704 21432 68702 -91972 -40876 -94827 21184 50058 -57553 68413 13362 -8173 9601 66543 12402 20197 -62249 55304 70849 -40143 -57806 -9449 19618 -42153 32194 -21850 -26160 -53495 -22943 -63552 64886 75617 1415 15077 -50383 30851 48178 -25926 -60164 -9608 -84151 32952 4389
3311 50341 97869 95933 -66599 75753 85495 72028 93726 -82050 -33587 -26493 51742 87477 -99382 23538 62827 -6425 -16211 -69808 56675 4676 -27353 -67163 -25629 62079 -1804 75680 -6844 20405 -84669 -71046 -68387 42220 -30990 90768 -72588 -33860 -76809 17459 20130 57263 94823 19550 46373 28023 47272 45105 -50682 87947 -8228 -91969 -41592 34056 -3145 -54454 15933 4092 -59599 -78477 -46174 70089 -94471 37854 -17404 70930 -32292 -74087 19739 62396 -30592 -386 -54847 93329 50479 71313 83957 -2395 -48211
-74430 29549 -60811 90038 -71865 -79105 99502 -43246 26793 -98139 -72622 2524 31839 11538 -54038 -28877 11668 -73615 3483 -48629 89273 -35716 -12897 99362 40582 73966 -68370 -64739 -47667 -64534 -98963 49979 -74846 45595 -86490 23687 64011 -7248 -57029 61359 86422 18938 84520 39068 -68937 50278 -47386 85109 93229 83067 -18424 -26895 21353 80060 -68063 80424 -50483 -32361 -23647 -89447 31561 -44625 72668 -53763 45715 -40060 51668 -11072 -54733 -54413 -71309 -6332 96815 27288 46962 1042 93546 90016 -95477
-94277 15852 34364 33016 -62797 82444 -96095 -87515 85961 -69041 -16331 -79342 97668 99576 37969 -80039 -14060 -2981 63688 -51353 -75262 66613 25010 36047 -20318 64690 87254 53062 30222 36016 88716 70136 -99657 -83631 63832 -77607 -28462 -30783 -43146 40200 37869 -56992 -82435 -12996 -72136 -71953 52806 3761 -84869 -44839 -68791 -65049 49074 -89718 -94126 19973 -37399 48364 -12159 -456 -188 61273 -32216 28976 -33449 -20151 -82377 44741 -93627 89229 38338 13596 -51844 -88302 -94554 74930 -30256 77147 -33630
-65353 68017 -34391 -72490 50746 70972 -95321 -32895 -61641 -89957 53459 -69666 18237 7135 -76000 -16485 -37804 11602 62914 59951 -74976 99487 -69468 -38702 56950 91392 21685 -23825 22131 78759 1658 -80964 -72021 83691 68382 58134 -41150 57318 51266 13463 -77919 98336 -37333 59621 -16580 -48451 72870 -44154 -27263 -74787 35635 -73543 75048 -63858 35337 55715 -8751 2801 -34191 -11624 3565 4826 -64333 78097 -28071 67614 23232 -73239 6440 43311 77721 -56412 -42651 -16082 -54395 -31733 26901 -93377 58169
39275 11510 -38844 60769 -15154 43737 10359 -72634 4798 -66082 -21703 12907 86257 16517 -21386 -85534 -7660 77040 -92302 89879 99263 42420 24188 21801 -34639 43710 -98783 -63058 -13976 -51401 -78731 42989 -54249 76380 37481 -86376 -80085 -16772 61187 -13675 12531 40015 -28207 -94041 -95347 -73872 -11581 54503 94101 -91855 56967 -40940 12230 17920 50571 -1384 18247 -43748 -17392 45031 -68031 -77360 314 39578 23984 -22757 52609 13734 48085 1154 -57180 -82504 -91349 53962 -46806 -42494 95329 5179 -94186
85584 -72971 92544 42877 35028 93968 97664 82670 -28088 -5210 35945 -64851 42872 54640 -37282 85374 -49003 47712 20340 69326 18348 39382 -73958 -39038 -49870 11128 -38755 7896 -74542 -48872 88162 99779 -10933 70022 -42083 56767 44075 99931 91488 -45882 -74401 20778 95035 67254 -28075 -80481 -19997 -19257 -40844 60107 -92729 -8878 -50738 -17514 -36411 -70009 -15230 -37028 -99847 41507 -39209 -40496 75655 -81253 12626 38085 -85321 22846 66268 -67897 -41680 14958 -70298 51577 6123 81042 32815 -91503 97307
-52640 50359 68519 74117 -3095 -50733 75453 40672 -74043 -46027 24138 -69424 7522 -85335 15576 -23576 90310 -51028 -65047 -18662 -72524 -97460 33138 69634 -93596 53629 -77816 2971 65936 -47823 -72381 10150 75507 -11407 54152 -71959 -18491 72274 -83482 -81268 -75909 -78904 84641 -18646 -42537 -55986 73710 -44428 8927 15607 -38367 84568 84599 -21803 77391 -10466 -11691 33556 -79798 -26128 -77098 -72874 20216 -5323 33835 -27205 44678 -86781 -25276 -9050 27487 -1608 -40937 -3727 -34002 -99425 65674 -6065 -37883
16710 54859 -25681 95145 -53214 3805 89965 -49562 48831 65225 -83432 55567 99242 -6453 1432 71613 36134 -60401 73991 88662 45613 -39892 19185 -14530 1810 -9658 78295 7169 95569 -74930 34932 -85028 11083 -13343 -80444 -79274 64327 55552 -96064 -53870 1357 5995 -31482 -90928 71693 -48389 72982 -49188 22841 69720 -8076 54656 70141 -83771 73674 87787 -95048 89597 -60074 15909 81863 -6067 -69584 -30633 -41559 85629 36794 -40940 -32127 36741 15895 -84751 -83483 -69667 -65581 -88632 -79557 -49534 -62374
40560 55250 -71648 -67263 -64130 68490 -7826 70660 -20822 24865 -44750 -84483 -2081 34919 21626 97614 -8439 -94470 -5098 97177 81522 78570 -81688 19652 -45934 -26429 -62581 -20437 -99327 -11730 38469 56089 -94412 -88103 -12580 -13764 -62204 52992 -57520 47142 -95823 -97455 37682 31525 -12437 -4439 62464 81899 -98378 28800 -8870 84559 89295 51768 -28789 -50242 -65148 49813 -1091 88626 57352 -40343 -44058 51283 86644 -37793 13488 25963 65719 -87052 57793 86646 9232 -66158 37138 59781 71551 -29684 41123
-76586 -42088 -95932 -80678 -6270 -32809 50765 90860 -39719 56546 92121 61873 43799 -38117 -35365 68879 30055 -3309 -97696 4823 1080 80918 -15343 -39761 -47787 -76399 -15532 10570 -12285 -57033 -1478 38914 19631 88452 -79056 -74139 -91938 -66688 17513 90302 15929 95406 88764 97197 -90847 29194 15856 -14074 37837 86182 -81357 -42100 15926 27786 -19475 78137 -79424 10420 -81226 -43737 -50286 -70150 -52516 95348 48544 29218 -40888 34089 -89435 -92541 -11395 -23212 -67410 -99367 8149 -58629 95502 85911 -90480
-64698 -47400 -1715 63402 -79940 -97039 30764 28167 8464 73654 -13832 -38293 88118 -48910 15767 -34721 -25109 -94890 -70157 13834 42198 38256 -63214 -95018 -99037 -32189 71160 2271 74002 33302 -13950 -20342 -76814 -52376 92791 52116 -59965 49320 -50839 -93175 74959 27799 79783 30342 -67361 -43166 -78028 -89577 74812 76256 29245 10880 -27806 -40876 -69779 62560 94273 -67254 16380 -79583 65409 -76464 -14049 -48350 -22121 42665 63891 -99590 -40765 14055 -13583 13686 41612 -96903 69907 2860 35583 92962 55096
-32545 3074 -82712 59245 86933 43428 61962 -30395 -82196 -74117 77395 -60428 77734 12635 -83848 22888 21087 72625 -41882 -31062 45269 -79191 47384 11341 -79037 -7096 -40481 17998 45448 5616 35880 88334 -94717 19321 -97178 5389 -61390 -74362 -14566 -4088 48961 -17849 -8963 34148 -21638 -80453 56715 44264 -74335 -4517 98684 -2962 11999 -23874 29606 -63643 40464 -83399 -50902 -74067 -23136 -98876 68552 -92013 22257 -21418 -38673 -45951 46210 80279 51191 -65730 -762 26189 26436 88458 23805 18087 -83518
70996 50965 -69859 49066 -60799 -66729 63976 -83842 -1171 18162 -99112 26733 -5631 -25134 -53583 27488 -2125 -47652 -89487 21993 -97227 -17573 73530 32734 28296 76295 84598 18387 32727 -80228 40127 57269 79957 -41402 24455 47622 -6872 98002 70845 -20007 38383 36370 -47059 26877 -73148 -87245 -66860 -26058 68043 -31793 -70019 8167 85243 -68974 51296 -76673 -43430 -51417 -79 -15191 36377 43032 52859 -39670 96795 26118 -40780 -64489 -79831 81547 -50719 57497 -40764 -54499 36746 -52402 4917 86773 15766
-41059 -87009 -39528 -12472 69623 61317 -7720 28378 19447 14694 -81695 -72005 86637 -7950 53452 -24863 37300 69977 13101 -7678 46982 -17409 62052 97642 -23363 -82022 -15484 -50598 -85920 81941 -77791 18989 -73877 -34485 61185 23515 -66735 -9026 8827 83031 1100 -29058 16575 -12686 -3128 20447 -72920 -63994 -37335 -3488 -39056 97719 30003 -43469 -31054 -57195 -40593 55113 -7348 93116 -93362 70940 -5476 -66835 50509 18257 -99891 -12997 -18370 59837 -9044 -38889 93027 55826 -28202 -18694 97953 -9220 60910
78016 18526 47120 -76642 -57613 99110 93882 -25455 33848 -51346 -23714 -91538 -85691 -81340 -56802 -34808 11028 31023 -22825 22382 -81523 -17546 51370 -40108 -78382 -87763 70037 94334 -50268 -59191 -81773 7079 15204 -7934 20977 12685 87143 58775 -7372 73897 -30695 4213 -51646 -73210 -3305 46806 -6806 74356 19902 60471 -79931 -21993 12463 -51986 26082 -49304 -10805 91103 -63882 76345 5370 4928 -93420 23686 4389 -14078 25639 52026 -51592 -62891 61198 -5870 -44042 52621 75993 63103 44742 93415 -19861
15490 68210 19588 -16830 -87663 55971 34002 -79603 74860 -86970 29911 37417 76218 -73366 -70671 -81521 61238 6192 92184 12404 88284 -16074 77384 -32272 -31916 -69196 -57264 -52615 -5531 45313 -56722 24020 58561 7914 -99393 -34097 58273 -80400 -9770 -20925 40353 61458 -81838 75324 76995 -18133 -45319 -25420 73136 41681 63394 -74889 -74405 -99014 63928 79762 67662 40914 61426 7668 516 11670 72012 78448 73360 91472 -4226 73323 -87931 -9483 61999 98673 96889 34045 -5016 -46748 5660 15840 58702
-68807 87813 -80811 -1166 40750 -91025 64345 -79776 26669 -54775 55253 54056 98918 26363 14978 -95194 61976 -23444 63947 -95058 -55731 79362 46431 -97746 -90120 79354 46747 99075 80718 -60974 -66621 47894 -79391 -88742 -84995 -37351 35890 -40815 -42767 7011 -77491 72194 31210 -70630 -57277 -20999 48464 88225 49356 29752 54875 -16200 -31559 -44804 32809 -4448 8407 54465 -14129 1242 90663 3813 -66980 34176 68956 -21321 -86921 67442 -92048 19089 85816 53184 4508 -86434 -66883 -82230 -71084 -33043 -12041
-62964 -44727 59220 -49680 -81100 -3682 64960 80917 92974 -94672 -35820 25368 -27055 -35773 1468 58956 -22737 72490 63638 13781 -80769 5435 -71716 -71865 96662 -45442 55472 97631 73557 20136 94122 -89036 34429 95150 31452 18333 58165 71450 -56495 20606 66458 -85492 -50687 -47048 66307 16613 2198 73111 76324 97177 -2610 -446 -58990 -78311 85186 -54177 -35692 -1123 98148 -15617 -27184 23817 11221 -17501 35311 85941 66070 76141 -64884 -30769 73195 48458 -99682 -40583 -99411 15564 -88916 33022 58205
-49711 -92199 26998 -48782 -91686 -22072 -44860 -38930 -55048 -60015 -18391 -44760 88277 -12117 66937 66279 93860 -18668 -20895 -30888 -98919 58512 -7459 -84221 -15976 9002 49284 -94154 79911 13320 -77716 -20108 2218 -51334 5696 -91891 -56570 77580 -54713 -15291 28234 -307 -26820 -89276 9089 -88664 -36783 -26301 -88029 -57793 88449 -9995 11470 23830 29943 -45228 8264 -22 41285 88908 75012 66557 -85228 32439 38984 -20401 -61868 -36582 -49559 -14498 18365 -95548 66375 33261 70544 94746 99231 -12900 62827
-92443 -7436 -21286 -69425 -49224 -11469 48503 93157 -78854 59570 72792 -69921 3570 46442 -80577 8669 24446 -48571 -83395 -50223 -76198 -66827 34472 -72202 -66517 -89460 86784 -82895 83327 26734 -70048 -733 26368 78458 4530 -62371 2453 -85324 14387 14726 -61261 63018 -23783 -61757 63445 7665 53833 -30680 -54778 85253 26239 -79060 53342 -28059 90966 -77635 69980 31501 -92323 36412 69882 46667 -77974 -27294 -33044 40356 -96665 42688 38364 -9299 15520 17048 -81130 -65626 446 33989 -83605 6840 -71465
-82057 -99520 -4438 9738 35424 -12372 -26074 -13308 38570 -85435 36524 72250 7537 83266 -82130 -96664 -39887 60797 82592 60819 -94724 58640 45985 86758 38519 47724 54536 85902 63096 18903 96701 -73865 -5222 -79074 4895 78874 41638 -83215 90969 26626 99786 76526 -89848 4879 -37911 -15131 47263 66997 71231 38831 -56786 98355 26161 71202 7174 -41249 3307 61546 94189 -37549 -36674 36723 29322 -97389 74816 -3072 -98624 -60713 -23339 -49942 96003 86420 11871 25647 -98853 -43254 84652 28377 74544
-33514 36838 2336 -43063 -81833 356 -25035 -24939 18084 99213 -73313 74500 -15536 23423 12189 -13145 -64709 -969 -56356 -46136 -66062 -59147 -23921 52833 -82457 -36795 89512 -48769 97524 -72632 -72921 -81070 73571 23620 -43262 -47170 -10517 5537 18795 92999 -55308 5337 38166 -77877 63416 -24520 -82721 -19350 -78481 -83735 -36957 1818 -56259 -81736 33256 -25470 -13352 -77259 -34045 -14123 -13873 71756 -3154 -79075 -37277 10430 3585 8391 80210 -43318 -84504 -3998 49154 -26206 45702 -92308 -71778 70341 32680
57940 -55255 86237 -10662 70826 81042 -75839 -65139 35347 -16537 2863 38461 93652 75647 30983 -10707 -5559 86479 77283 -121 -3317 -70238 -72430 29150 -20503 -70626 -2223 -582 79124 -94777 -93017 -57666 92790 -79156 94146 30804 6746 -5481 8021 13723 79430 -41890 -27218 15096 -43280 10078 55207 -46497 67515 -76130 -48189 76128 -29820 90267 78568 -34825 75624 76232 -23040 60262 12716 -89847 43480 -27706 64613 50408 19003 -43263 -51295 -43199 71877 77064 10573 -11097 -8699 -21790 -30268 -66978 70613
22725 -49491 -78356 46489 -73590 81298 -98578 17828 -39341 -88241 -64788 50078 -93580 21259 99796 -16763 -80595 25864 -1570 57971 -66085 3905 47335 -74228 -74062 85672 91959 -3209 58265 91810 3533 28183 -45245 40965 55440 61492 -16140 -79345 86486 -67906 60134 -968 86507 -65239 -37561 -63486 72815 21908 54390 -42597 99518 -13374 66422 95386 94507 83907 -46873 -68524 95549 93347 -36567 -84952 -20311 -70654 -36717 -79095 2059 -72911 -48886 78644 -32920 70136 54795 -12055 92801 91998 -94489 -40993 -16668
-41887 -15502 31428 58006 71319 20608 -56307 91248 -82172 -92049 -98639 -70276 -27023 60441 78799 65061 45909 -62809 93710 27621 77711 6432 20699 6932 54925 -8751 899 13822 97893 34308 7558 68066 30755 -45951 49553 -94907 57364 -59051 37889 -99591 85 37956 -21079 -730 -261 52978 -13254 -19829 -74081 -64508 28310 -13170 -83651 -54110 75281 -70213 6592 92834 -78599 -89422 -30421 39657 -40278 83616 -45911 39519 48495 47921 -81714 56018 98221 9794 70116 63236 -5889 -7065 -97607 43874 2568
70369 57802 -12163 17719 -4521 96925 90872 -3387 -72949 66900 -43386 95624 -31288 67179 -15919 40859 -53633 -19323 -52298 52891 -86130 87247 -75753 -9472 65518 -19795 86766 27429 -67224 28872 19840 -96070 57984 23724 -39119 -91746 -2871 72073 54120 -7700 25676 -78463 19552 28390 10161 53600 36979 -40127 61632 18956 94134 62658 77458 89020 -66876 -51993 -27689 23507 43370 14816 -50407 97829 -15779 48063 60565 -26614 85969 -94717 42929 48063 66937 -56900 -19070 -87361 85728 97176 -83841 35148 -68674
9975 95266 24250 85621 -63213 32047 90773 -47751 87703 76406 10371 -55304 72743 -48578 -14389 -2611 -48243 -48329 42682 -63394 -19808 -7199 -77439 -42833 -24348 67896 16856 -12802 17250 -79980 48196 81350 35586 -70441 -22897 58696 -59194 -75520 -52998 -27184 64627 -62603 -52070 49520 2816 -50522 -81545 87680 -160 18450 -17461 5059 2928 49579 -78418 35426 29634 -45860 91578 -64174 20581 -74836 -51964 -79014 64924 -96129 -67326 23210 -30321 16317 -4944 77381 51682 60737 19860 -20066 98492 -10644 74364
-47139 68455 -81147 -10373 -72949 88203 -85470 -9591 -35981 25120 6811 -39741 26192 -37933 -44129 23041 -50115 69905 59451 -44438 59403 73725 -9371 -45669 -66299 -64860 -36901 -25031 -78264 -18734 -60429 -25006 -6739 97157 34042 346 -98387 58569 -21432 -83577 62884 97772 91906 30912 -6629 69183 78933 -94971 -2821 -49891 57451 98320 -24517 8321 -63151 87734 9187 39711 51184 -13075 94918 -72297 43226 11766 29904 41972 -41098 95323 26559 87526 62237 -28 35155 98703 83304 50945 -96229 -66023 -6472
49943 -93271 -84416 23268 51126 71563 25685 19574 -27155 -76181 50948 -72559 53808 93524 -78636 -10239 73422 -57945 26258 86115 62122 53635 17876 -94094 9956 -17349 -57895 -32508 98035 26003 99464 -46171 46159 -41763 96141 -46371 76640 12684 2407 96994 -44393 7882 -36105 66708 -57339 70394 8476 -99995 -81877 32273 69527 57478 -40338 -69986 20614 16595 36384 34318 -28544 9724 -42584 24761 -6829 -22882 -51688 -5679 -24701 89092 -64602 32025 90282 -130 -11792 -42241 84083 16906 -5916 62783 -80266
95531 20140 -36392 -31399 70672 27882 1709 -81555 -26689 67991 25815 -70164 -43588 30032 75021 -94950 -12302 -7881 79187 -90776 -72223 16637 -54381 -78198 -42636 11363 -89125 -53029 70776 -2491 83028 36972 -1887 23416 31145 -85266 80134 -26184 18331 -47813 76273 -45669 28915 96123 70633 -39096 -97142 84401 74114 -38450 89150 73631 -22328 -23741 -69056 38458 85512 -22875 -83889 38494 -32590 -3760 -24084 83101 -68559 87618 -17871 70598 11280 70368 65774 90101 69024 -92169 71039 -75389 -52674 44416 63755
-9055 -95625 14338 75883 75779 -44281 12924 -76203 24631 54935 -13107 16635 75033 -78458 -7159 66390 91915 58754 8504 4488 -23199 -2454 -97339 -64527 -23870 -55615 -14106 -9486 40434 -29554 -94602 -15386 31780 865 82503 -94783 18688 39268 29331 358 45816 -38008 60283 88412 -86954 -44054 81060 -26033 -49196 -87111 19998 24856 74972 7385 44267 -93677 32287 -16658 -89001 -13781 -32035 -61407 14760 57312 27792 67632 -64007 -28013 85611 50408 -20682 -75035 64159 70826 87474 -25682 77634 81609 27899
60543 65392 -3282 -19245 -37503 26810 -11214 -12828 -67891 26394 33382 61045 -57541 16765 62952 -26731 75997 -56756 -32602 -38173 73999 22149 -29830 41276 5576 -92904 71132 87194 73876 34649 56951 21594 91941 8133 62492 90224 -42416 -80430 -10203 -35175 -13185 35569 82164 -64306 20304 -12855 -87439 -90173 -81692 45758 -80374 93264 -24278 -17522 35477 -955 88381 79246 -8082 -22937 -78182 55889 -64767 -91416 23200 -84287 -77445 -8001 86523 46422 35325 33632 86362 -15463 97113 -80479 -86554 -47283 31567
-21781 -82540 -14600 -3571 -96820 -6168 58573 -10745 -93387 -27505 23281 -35317 97326 56404 -68804 56402 -50638 -58506 38042 -52812 51325 -741 38906 -11469 -79802 55246 10089 -34287 87939 -74972 -15740 52950 75335 65276 4209 -41669 -11291 19653 83770 25269 32406 42348 47792 -26394 96269 -77057 20710 47893 46127 85983 12771 -62452 47416 -73869 -79768 74247 33345 73546 -45158 -54095 -20442 14313 -2555 -8801 -31220 -80429 -98489 23486 61763 5124 56556 -82755 -96852 -1527 44165 86154 -23146 12040 78755
75573 -51049 -46523 -96509 -32362 97228 -18348 19330 -72017 14100 43710 -51951 92148 -55058 87010 -73527 18012 16248 3017 -43751 -96400 -43640 -18343 -78023 18025 73141 -4420 -21007 -64957 -73996 -42274 61846 91354 -98160 -9935 78574 58464 2816 -67895 40481 1349 -41989 34250 42885 3653 -52635 -26405 63764 -85577 -47028 -15260 -62779 7011 -62352 38828 45331 -61055 -35452 -29528 74963 38772 59563 96009 -24177 88717 -24924 -77622 -6377 -97325 64684 -81883 -79540 97999 -16266 36239 -2282 -37008 22961 39405
-62898 -37073 -94167 -26387 -57674 -62640 75289 37340 -98275 21101 -95034 -94345 90720 -2297 17287 64027 -18495 25062 -13276 2793 19877 -54679 39939 59138 -39653 29498 35679 14651 4871 76782 -80568 -6267 -75727 85542 21720 62383 -53935 -32371 -893 46617 -41436 -46463 -96779 -65438 92734 -35932 -88019 -6909 26406 73693 40241 -52874 -57623 -75934 -855 15982 28774 21479 -61542 -73157 819 87105 64767 73766 21556 -35823 6800 70058 70838 -70715 51175 82324 72929 805 19207 -88050 36032 37569 71304
-10570 -89658 -26644 -10412 -73086 -66565 80720 -3779 -94122 38089 92209 -83143 66225 -68938 14126 81180 -71869 -48491 -26100 -24233 50605 48323 -82914 18296 24421 -34734 14612 -58819 24872 48762 60561 48024 -65760 -83131 -20524 46294 33628 -66481 30938 -66655 -69292 -19478 4492 -54560 -86265 -29108 89924 90023 99288 75919 -48501 -69930 13774 -11499 96369 -29235 -72258 -49115 -94323 -32528 -60416 -20665 -8966 -98334 80662 -43158 27171 -20455 93579 -16205 -41851 89077 80005 9561 -91128 37730 32392 -36894 -94032
27407 -32606 50580 -64975 -79741 -65531 93867 -23680 -40195 57563 87201 -63500 71710 -89073 89661 -2142 -1792 5378 -83690 62372 -53417 -34993 -6942 -72766 -96569 -74413 -42678 -18837 20996 -83376 1236 -42168 24773 90258 -28956 69150 -81821 -90113 49557 98346 79621 -18454 61445 48156 5280 -9616 -29465 34963 -86744 -82075 73099 95897 12941 -59889 -71395 66290 62566 59479 11969 3173 46261 39057 -77691 17795 18951 37780 77552 -15742 41716 -11388 67905 83248 28483 -39661 -41272 -73245 -86423 -35179 35563
-80229 -32687 24726 -43440 -83864 81940 -36462 9642 -29815 -85386 3526 63034 -85413 -89360 47614 43622 -92517 -51111 -46847 8589 -42953 -10585 69803 -44347 34192 -91489 43808 74177 -25837 -95439 88197 -1695 -19425 -21957 7372 47574 -92993 18961 -14226 75824 -13623 -99804 81482 6823 -8906 10479 -71512 -62822 -90919 -10694 51258 -3188 -83124 2666 -44483 -13486 -44707 69931 65683 -15097 15849 -69498 99237 -11504 66060 -40908 -32206 92530 -28784 -32040 -11209 -94526 -59027 -64154 -54458 60372 -8284 -9657 32938
37048 -24636 21158 77382 -60365 28713 -65531 -98444 -13530 -40411 -90001 41581 -34175 38157 -64328 -37477 -35269 -42524 70513 -62960 48454 -38097 -96333 -62227 -67742 49692 -19692 -40509 70333 81934 -4460 64392 -72662 -39097 -62349 18985 87876 34638 -97710 -79737 -87093 -37214 25656 -84891 11353 -92623 45895 -75413 68137 31524 42414 -68776 93140 -56502 87490 31563 17152 29383 -11885 -81027 -83920 21356 -78460 30629 -57635 -91286 84971 84899 -40723 2716 34945 36452 45699 72873 34958 -9369 -69829 73272 -35308
22458 -82692 87560 -10083 -71870 -8126 19221 74876 61138 26381 -76382 -9535 43548 77776 67712 -23043 47908 83594 -31391 65569 -7201 -14453 47431 80218 -41026 95720 -10202 -49505 -38890 54852 -1337 -17946 68935 -7571 86417 37180 29190 -17277 -6422 -67420 -31909 -94134 43006 70736 -64987 -29744 52961 -77549 -96239 -11312 40072 30582 32952 52200 -95838 -13201 50913 -99581 -23356 -68637 13912 65337 -17465 -56206 -85013 6024 38579 -26513 90182 40081 -99410 -23746 4106 -25272 -6484 42689 8481 -78729 21697
-63915 23253 -60542 -44857 -31099 -38507 26721 85136 -82036 -69905 36442 7081 -19436 -99522 24755 -96263 -8125 -22605 92692 1929 -65538 -44312 26836 -11589 39619 26766 -70784 17653 -69529 71049 37212 -79622 -23908 31748 9604 -4963 9509 79212 -81851 41755 -30061 66710 -56672 18772 -13803 -17702 -34936 -46143 65474 3803 14716 82998 -70985 -14613 -73877 -75780 62358 -98994 -9859 -33089 -90281 2094 30210 34806 -38083 55175 -71312 -84654 94337 20246 -64087 -82897 11267 95076 30643 59747 99250 -33319 59567
-17618 97348 -10078 21138 -53148 34960 12950 25478 88907 -17829 -4297 38377 -69952 -22690 -15372 -4599 71349 48991 46314 55423 -55263 359 72787 -33113 -25980 -40354 98721 -3634 -34194 39962 -82067 31360 37350 -44373 -1440 10448 -94377 -73750 84230 630 73906 -70933 49131 -8819 -28264 28470 83569 -11512 33590 63417 56577 57602 -24438 45045 26688 -84058 77959 31405 -65872 -82171 -38901 -35554 25592 36779 -47522 -51189 -79069 86783 88988 -47457 -30212 -1658 -63023 -2330 608 -87517 -6963 -91114 28891
47004 99995 -98018 -33394 30490 59740 -96106 -81460 40894 63798 -77654 98015 -8292 -20458 -72652 -81255 51622 52137 -4154 -1787 36047 38326 56627 -79682 -51698 -31179 33975 39214 -50204 6952 26291 -24424 -64274 97975 75331 2505 92957 79732 26806 -43883 -37888 -24464 89181 75182 -64681 -59509 -99457 -39884 -99099 82751 59716 -65146 -56645 97465 6727 -9155 30318 -73697 49485 32527 60489 -77843 54948 33517 -63616 32278 97620 74645 90685 2648 -78477 -71621 -7963 53738 7076 -59211 -11785 98025 81982
908 -71708 -41336 -74767 -4817 -810 -64941 83275 -86124 45643 619 76383 52065 37282 -97013 -59139 -54948 -3445 -51795 26327 -65187 38205 -86906 -28323 35914 -11714 96266 68231 92430 -84165 -91952 3674 99518 -46091 -68037 -17497 -51018 36762 -48432 -97747 -92845 -79960 -63172 -47025 -27038 85409 -54308 -84428 -66411 81825 43893 -8936 -3194 91323 47218 -71954 -70998 -27911 91884 67928 46120 34396 -55079 75325 -16093 -74225 -42433 -41988 88393 49855 -78262 -98929 10237 -9407 61295 27947 -66383 34532 -65307
91917 -86228 -16892 -51960 -13584 85846 23804 -28633 89302 -55844 22786 16178 42963 -34992 81328 43007 27714 -48196 -24079 21568 -49025 -94769 93175 -63786 823 89281 -70757 1276 44210 -44874 45396 22138 -11630 -65335 10594 73239 30838 49272 -45806 29991 -97404 -62733 28625 16131 -69810 -65247 79513 -52280 -93427 -68332 -94056 95264 75081 68173 -93425 -9940 -92735 -22410 43694 -64263 77404 -80526 -70428 -85496 32644 -92042 -47027 -68699 -2623 -9137 21382 -35041 41055 21361 -74073 -74620 -65295 -95438 12119
-34993 -65592 75310 -52548 -83198 68965 -88454 60908 96357 15685 -56634 42589 4801 -29568 -93954 59853 -55809 57697 43618 -85552 12046 -84871 -82073 -56370 -91550 62807 -41765 69465 -87615 -5533 -44741 68770 98618 75851 29447 -79548 -67837 -45099 90312 68013 66516 43092 7901 -20184 -23094 19408 -97619 -58138 -1313 -18554 -37859 -72937 26208 21724 -35321 -72725 -18436 -60423 62331 -18298 -95439 -51505 -8152 39094 25075 66305 21976 80649 41125 -60514 35644 -73415 63010 -92221 -30401 5694 -1448 -79922 -5771
2452 -58616 -77804 -50888 -4257 -68674 -89503 -77441 41149 -27756 13667 -60075 8450 88872 1390 26732 -4276 -25916 -75387 -27709 80865 99422 -92512 -76220 59599 38721 -34136 2324 -74904 -85581 -17776 -83011 -77438 50837 72218 44798 -61190 44216 95989 54171 78231 24726 -91495 -2512 45756 32186 -20763 -79106 -31203 15321 285 22777 -15004 -20592 78800 86219 14095 -92870 54603 -5654 -57757 -7026 67118 85341 -21261 -79578 39525 20346 10736 -45315 90419 -42636 70633 11709 3558 29696 72314 82644 42190
19409 -16338 83674 37098 -264 78215 17605 -56064 57597 -12271 97426 55659 -55140 63815 17450 73766 -9352 -61781 49869 15840 10879 -62192 -25676 73554 10723 -15244 -33230 52989 97128 -78208 -81524 -51928 585 99279 55093 -40352 44231 -86609 24158 -71963 48426 73840 74770 -30378 -61581 96217 -70384 -8082 -63276 14333 18283 50278 43749 88795 -82680 9880 52533 -73096 -95217 -14654 60153 67998 74134 35728 28175 -82899 -61595 -21397 -52136 -13612 -36656 -48977 44178 -29333 -94011 -88430 -85138 -28659 -39766
-59893 36525 -71041 -6910 43892 94024 -76509 38895 -86611 -36364 -63890 -23919 -32215 -19440 -61995 43139 -86704 64637 -50337 14405 63011 -78595 57157 -12555 -65882 -79844 11119 -85393 53994 45090 -96057 -12424 -12348 -63295 -96843 9610 -41886 70829 55528 -1785 -84550 55708 -50471 -51409 71853 42974 89143 -15903 68909 -35286 -64222 7644 43067 19170 22085 -16596 20084 -36856 42682 -7553 -44671 42850 32988 -83959 -90803 -42763 -79764 -31924 91105 61828 -76303 98740 -87498 -2235 28630 -39959 -37731 -93980 94646
-86004 79280 44744 83681 85542 -31598 52408 18010 39510 -96434 -29334 -67584 78938 60376 -6384 -98502 56145 -14231 86895 -34673 -45510 -90407 -17117 -13576 -45667 44472 97589 59623 34248 56033 38187 -98038 61059 -95755 45189 34542 29632 88940 12434 -96657 -96707 -13136 -27279 29619 29067 69626 45259 -58053 -92845 -92097 44682 -51465 -55360 -75393 -64657 -69400 -76621 -82942 44852 6173 -98566 70434 -50908 30987 -57713 -32811 2552 97521 85841 -48558 41010 -11053 -87361 -50670 -7033 39838 19980 -23700 83925
-2312 -74039 -50396 -42862 -84054 43489 -88282 -91996 66056 -22931 -88605 27881 -57010 -50263 35192 14700 -55449 48065 29246 -44820 30779 73548 56949 -66592 -62693 20379 -73097 -75613 -24728 5613 44293 40760 -99801 48648 80818 -60974 74592 -95431 56354 510 -5148 21788 -29880 78979 -47477 62238 -6494 25294 56506 64649 -96611 -90982 52800 60930 63633 81792 76413 -68581 -65632 -50802 66449 10376 17939 -63565 -65402 64911 55686 55919 35180 20393 -74220 -53380 85646 95954 -65740 -68038 82005 -49214 -49867
67161 -3841 -67890 64108 -54899 -8323 53518 -28926 65468 -40735 28672 -27644 38409 -97720 -68282 5240 -31361 -189 64562 65638 29052 65548 -86065 -91673 -5042 -2087 -16773 -72885 62952 3362 -11288 -61616 -56885 -1841 32015 26339 74841 74497 -72189 -37261 -21320 89026 -53412 2187 -48917 -17946 51419 -87181 40249 -49328 62168 -5075 57512 95106 -19521 34065 -69097 53615 29436 -51971 7686 -64278 -21419 -45995 43692 -42854 38434 -7303 63613 75439 -10824 15274 55786 43812 43462 93444 -42553 49200 62130
40155 -91911 99548 87463 57524 -27926 29499 73437 -55004 94483 -51251 77053 -67209 -65859 24610 -2528 26481 88358 -32654 51488 39765 -64532 89890 -86666 64445 11893 3798 -3825 72108 -62843 -6483 -36241 22282 -90341 -27540 -57488 97472 -85697 22208 -90590 77378 -53765 46144 18137 76624 -23505 68617 -22886 -48981 15253 -38553 -6537 -60841 6618 96344 14006 32187 -93985 -82699 79544 21790 83824 -74211 -80059 55180 21131 40188 72512 56241 46359 -34357 25718 80529 35365 51534 -13375 58121 -64713 -17511
-52920 95776 -57205 57334 -97617 -40107 -22202 6260 85603 48471 -90724 24320 -56993 53784 -88741 -45811 -74852 21322 59798 24372 -33998 71176 38887 15983 -66180 -19126 -915 -47561 -89222 -73549 -20750 -5025 -93009 91169 -51991 16622 -85523 49263 78712 -9506 47884 -70964 26580 -29653 -61330 -52804 42062 65217 -8243 70141 15566 -98516 63419 -47295 91157 -96192 55072 58681 -17824 -11807 41491 -64962 84519 -62033 -70661 22003 96155 -80810 -1441 -95126 55863 19389 -91299 -67307 -54002 94973 43979 -22359 48983
-50792 86425 55101 -50943 -1790 -85758 24293 81419 -87644 97574 -92461 5545 22027 -51959 59994 88218 9876 10956 -58350 -77826 98832 -15408 63466 20590 -13082 94591 54928 -34968 97243 -97635 -34825 79140 5408 -59758 -84076 -10334 -23934 -17683 -71227 69328 13164 66754 50655 -21558 -42652 -19194 -10089 -71094 -98678 69326 -20855 -7906 -35903 -66592 71764 16852 22058 8431 69874 -69418 7220 17095 55783 -29625 76622 -3535 60652 -22069 69151 15966 -66487 33662 -1206 -22352 -51884 60369 51667 -53462 -40611
-14017 -76273 86569 79029 -53738 92247 62089 47558 -53198 11686 -69594 67959 -96874 -28887 -74929 -78171 11478 -5187 -73471 -30962 -10689 27628 -64088 48632 38078 54182 -71686 35143 40931 83497 95434 27602 -78699 -36537 -15650 -15897 52142 54141 -29744 -21157 70232 -36712 23320 -91699 11696 47198 34005 65338 9800 -94585 50919 -22098 -13892 -29360 -94636 96153 78508 49138 -37620 -4215 -39523 84287 -65004 -68212 -66957 70036 34291 5129 -88602 71 92288 -43218 -2513 -73475 96639 -15948 -45568 -61386 47690
41094 -49099 -74872 23509 -3666 9690 -17243 -73022 6361 20055 73528 70815 -81358 -45810 -38241 -9952 7042 -94256 -746 54712 60906 1138 30633 -38276 59795 -65982 -29441 -20729 10111 -55100 -44848 -74334 -97918 24348 20484 -7255 -26758 58424 14329 44884 -8944 -74093 -9475 40214 -37783 49629 -13951 97736 40477 -21411 37887 -32758 51259 25045 -50617 52426 -49135 -58727 99381 32919 -63530 60043 58579 -51124 -88629 12162 83683 16434 -64044 -80768 -56720 -41027 -2330 -41958 30363 -69871 67754 64124 25511
11958 95227 -57768 -97998 -22994 82376 -26223 8832 17299 -78952 -87322 25277 -53113 59051 46512 -2632 19707 1730 -15555 -33881 40155 19398 -12872 91516 76607 -18018 -76557 -17210 12966 -15314 -38449 -43216 -19456 -39476 48911 76497 -66783 42203 -85351 56220 -40430 -91178 94380 -9076 49651 -54934 -82779 49161 -40353 -62654 42175 -89970 -19509 -87742 71581 -36275 -55422 -26053 50654 -59285 72735 12281 -6907 73987 81677 89459 37668 -23676 34173 84216 -16988 68881 -31383 -26849 -94193 41762 86723 -37904 -19226
43422 -10007 -77950 -85736 -18765 -7751 9453 53552 -97966 55228 39245 19076 -75628 -56131 71836 -23595 86836 -52022 10591 89943 28566 -16953 -65029 -88148 -257 92188 -88892 42430 94037 73977 6945 52845 70154 -61393 -34316 34447 -33841 97007 34992 -62326 42071 -17191 60104 -12226 79528 29877 -9433 -15 -73728 -55795 21656 -37356 -97725 51073 -36786 90404 60083 -37776 -98086 85140 -58074 -2674 -28252 8217 13793 -80733 -752 -29175 -91977 -76259 -40716 -58686 4635 -63791 1603 4682 29798 -83847 -47407
64089 -15996 -57 83881 -64026 -9524 -72734 88698 54678 -62288 -33439 63780 18166 -24906 -17878 41010 -75959 -76352 70337 36676 -69364 69922 46796 -78906 96295 26440 -99128 5540 80687 -52563 20619 -72441 7279 -64494 -82766 89870 80982 -80854 79197 -73628 3598 -17707 -82344 77082 67200 61859 29881 85423 18161 -37727 14826 -21182 26345 90542 82148 71050 -82105 -59170 74086 24349 -90892 -84341 -60132 66705 -68593 -91494 -95231 90843 78824 93618 76962 -50613 83875 -1592 -98796 -33274 33002 78182 63831
-87806 10269 -56631 -74620 -25415 49486 -96663 -86709 -59875 -93664 -2560 -1187 -32972 77665 -56986 -56166 73860 -83971 36010 -13954 56880 -2483 -65768 -74046 -89675 -70040 57332 -8185 -30406 -20186 78590 59896 87245 79360 84681 83522 22516 -33707 -4069 -61460 -3719 -15847 83191 -18011 66839 68508 -83805 -21717 -44879 -105 -47900 34243 -12460 62223 80134 44113 -90799 64871 28758 95737 91432 -48899 -5370 -74518 -38683 17226 -73794 47382 -31909 66892 -39242 91551 -74436 -43889 57253 -9508 -4678 -76825 6376
34013 -41351 12845 -95953 91332 -44085 -83609 -91360 -73027 -2844 -57501 48823 74151 29909 -28081 52482 -90335 -1190 -1015 46371 -4129 -70743 32838 -98583 -16541 96068 85837 77362 4197 -59091 14434 47248 -32458 -63215 -61027 -78863 30992 -67506 30522 23045 -73731 50075 18119 97637 52113 -25073 -97635 -11856 12310 44991 84520 63850 -8843 28302 -96311 -44011 66448 77484 36755 15587 96222 -67086 -25259 -74612 -26684 33036 -64943 98916 -56442 71872 -38902 76796 32920 39913 -41834 -95361 -96297 -83568 94308
-85819 37640 87708 63664 75429 44467 -93559 -67670 -50668 33469 89373 4851 -41371 74239 73799 -25288 -89714 -43113 -48049 -38172 -78292 -80639 62628 -58337 -13018 -75977 -21370 67807 -76475 -26106 47335 -27475 -74331 -83103 83413 -57763 -63416 58375 -53709 -78210 89361 -29808 86100 71573 55524 -28830 -15018 -5808 -29975 77882 -61331 45636 -63124 -82383 -26094 -11831 89578 94960 49360 54483 33650 94356 -69132 63828 43897 40393 81683 87599 -37984 83952 99562 37103 8387 54600 80349 -15054 99367 47744 -94941
-2095 -86694 17947 98846 -64094 45047 -47696 -84882 75705 74434 -20062 -40508 -79329 35569 -29259 49218 -78643 -41629 54140 61437 26498 -26991 34038 -79716 -37015 -74240 -65835 30855 38802 -97660 10995 5308 15425 50723 -34632 33538 5619 -22982 -91432 61497 10236 -84616 16040 74357 82287 75438 61427 14505 83085 -30343 -36539 7647 62424 -82824 28028 -61472 -267 78233 70551 75942 -68619 -5713 -83368 98627 986 37894 58449 36850 53934 11628 57949 36790 64174 -21100 -32388 -95079 43062 97792 89334
22916 36989 -66091 -1783 44888 -45585 13112 -68379 38896 -68298 -30290 -10564 8983 58440 85798 5200 84090 98101 39497 -92467 12836 27956 24516 -11594 38591 50119 -66534 -56023 -23761 27043 4801 -52134 -56874 -69238 47593 -43247 224 29234 -45887 55965 89518 -46857 96143 -90577 -23602 51763 90846 -55538 30281 -92259 9811 54253 -10263 28267 33508 -83658 31124 33620 -99324 37929 90824 -77187 -75260 -97269 -62613 -93740 94494 12464 -23156 -805 54725 -28942 -25764 -51555 -31908 -71149 83468 -37486 61474
-96963 91152 84972 34536 -78031 -19764 83075 -43425 17660 -41378 2742 -38307 -37244 45718 -64991 49824 -55113 -89277 -44935 -26332 -94366 -99946 -97436 12220 30772 12402 -54907 -85955 80405 51623 99731 -87171 95728 77866 -40516 -90882 94946 60669 96676 52150 -13973 87033 -47508 -4744 39550 31898 -33045 -9545 -87529 60367 95866 -74431 52973 59615 62117 -35413 -18387 2776 52421 -63973 25520 -78418 -76821 -43020 -59095 -98128 49064 46396 -85967 22875 14789 -98313 -79289 98965 -91150 -83759 87983 -5607 -66038
-59179 72559 -79362 90791 11914 35132 85726 42722 -50443 -19 -33747 36660 95121 92909 -29304 -12013 -84793 -74905 27941 -22998 -47398 9282 29756 -58062 -61229 -57790 56647 12519 67535 -54149 -68016 63762 1227 38972 76155 -32854 46155 -51705 -10851 18104 -2639 51966 -5863 34229 -92923 -71962 -26728 14732 -933 18664 4602 -59373 80216 20145 -72744 -45891 23592 -38156 46906 18167 -89422 12553 -51454 78616 47327 -42418 -71544 -50852 -36366 60809 -1196 19452 -98938 68309 -10902 -11045 90861 -35948 58377
45054 55756 -24379 -36341 38240 -41294 -81877 81547 16213 -77741 -18996 5853 79142 16378 57781 22471 2352 48157 1192 51072 -84692 67423 39254 49436 -8604 71143 54210 -42354 13362 -95550 58261 -99328 72201 70709 -31202 -14498 -78490 -56065 66011 -47977 50281 -36366 21342 17091 91208 84026 53517 42282 57528 -40955 39229 -70091 -38677 -93304 5099 -44582 38068 55293 39807 26958 74956 42238 -61815 -23636 -32404 -34614 -55948 29452 45749 26697 59039 77982 -76722 -50306 -84172 40575 -72644 61871 87942
58820 27742 84545 5029 -62156 -28924 62704 33200 52918 -21282 -40634 46653 -42283 90589 50258 -90910 -74300 -44549 -83311 76996 26098 46970 -28500 81987 -58617 41958 -65567 66621 61145 -861 -36734 92393 -90672 -84171 64748 -96603 1255 -30603 31066 -43138 34837 -44227 21523 34829 -96639 -57206 68234 15155 20337 -92446 -60509 57294 15403 3676 37465 93155 -93012 -79911 8870 -64237 35644 -85235 -43283 -69199 -71081 59383 20570 -732 -95866 51679 -97071 -10013 -33384 -46394 48589 63810 -77820 -8457 39340
-3372 92896 -22215 75514 -39560 -64864 -37817 -5318 51778 2589 46832 44389 -30799 48856 68387 80612 -31140 -79452 23361 -81554 43344 9342 -65458 79579 -65368 -50453 -7194 -95649 -74997 -87336 -75519 -59459 -71615 22947 -26870 -84623 -11345 -1757 65140 -6483 -20293 -97902 42091 83303 -1355 77895 46689 -87880 20169 -84298 61495 19109 35799 79990 77570 86402 86471 97106 -93798 -83269 -84441 -69169 24114 -42084 -88789 -18012 -41066 92328 -76254 41545 64235 -69219 74641 -90610 86035 -68190 -27661 69167 33849
9458 -22925 39484 -1268 -81079 -57290 -6241 -27984 4509 -59502 -53467 31415 -84906 98712 49347 18037 -81996 5337 -22251 -51086 79715 42303 -73329 7005 -48192 -2440 65860 41917 -20161 -95283 -17620 -35513 20222 -99880 -4711 94919 13529 -1415 36810 -79074 75242 78655 -40600 19828 23786 -25803 56159 -75650 -48636 -12094 -95944 94610 -79892 -35265 -65406 78529 -87417 13471 -11210 70632 95432 -73512 89453 -45627 -28905 27242 -25638 82249 62499 -88216 -12306 73411 -96039 -15290 -44319 4802 88896 71843 96115
68986 63284 99875 83712 65790 63150 94839 -3576 52435 -38418 65616 -41569 57059 -84945 31006 -22243 -25840 -97711 -30788 -3648 -82376 38577 -2924 32840 -78266 95182 -48085 52626 -31525 -57737 -77305 76151 -65979 -89241 84466 88729 -20851 36051 99207 -52923 68924 42208 -802 15850 95664 -20891 -96993 -9865 -23953 -44721 42701 18577 64023 -80849 67281 -56919 -48448 68561 -46897 -97736 -77483 -68164 63380 -96978 95885 -1838 71757 15952 -48575 79658 80070 85649 9848 73378 41291 12575 29668 -79298 25688
