4519 7089 1572
1738 3923
1942 2026
1841 761
3165 2569
1066 1994
2165 6791
3160 4388
30 110
1567 5949
2582 842
2856 6938
2048 5078
3758 7044
3296 6578
2592 1840
63 4779
3650 6772
4406 934
2736 6054
2688 574
106 6656
3699 2439
672 5500
37 2849
1215 991
4306 232
405 1659
2646 2100
2377 2609
127 4005
1056 76
554 6942
3614 1596
4100 2686
2742 352
495 889
4236 408
3057 1169
1096 2450
73 5985
302 2874
4428 5566
2619 815
4175 3635
1600 2028
2029 3701
2399 6923
3187 5907
3955 1653
3330 2916
3451 353
4153 5827
627 1833
3240 3876
594 240
1524 4208
972 4842
2245 1797
4281 2861
478 4010
3961 3185
101 6397
551 6709
2211 5821
1323 2651
25 1131
3630 4744
685 3679
4343 66
3442 6378
4012 2006
2321 6943
2122 660
2204 1792
1848 6512
2290 5218
425 3159
608 4768
4189 2013
2681 115
1288 3382
1301 1597
3877 65
2580 6008
1126 4386
4038 3606
3777 1425
1605 5611
1935 3459
1622 3515
1882 6586
1121 3339
3483 177
406 410
2674 2722
3052 1198
3538 5168
2666 6108
4190 2212
477 3419
1845 3475
3245 1732
1946 2564
2078 4758
2609 745
2575 4445
546 3782
2105 6627
3249 2481
3438 6684
3480 6682
3666 4924
3193 1061
1271 5035
1322 3030
3924 4576
3138 628
191 6333
738 5698
1257 5611
2853 5327
160 6878
3696 772
990 1510
2402 5452
1257 839
2263 5645
4469 3025
1602 2044
3942 4048
298 414
1410 1530
1113 5957
3091 1381
4447 5631
221 4803
1512 2948
3941 3957
311 6457
3466 4524
1682 2064
1205 5931
2692 6952
3028 5444
1572 5548
1536 2680
3030 550
949 105
4502 7060
962 6158
4510 638
200 6586
2194 3958
1042 3285
3547 5261
1968 1274
3523 1567
2377 319
4475 1553
259 5503
1976 96
3483 3729
2458 6020
2516 2082
2372 1122
3694 1512
2264 2240
2963 1083
2986 1312
3470 3591
4461 5733
3878 3026
1017 1575
2830 5972
4246 5482
4513 5287
2879 3429
2935 3249
106 572
1858 3854
1368 4922
2533 6027
2492 6408
3577 5289
59 99
1867 4275
62 4192
2967 2339
3241 3347
2916 1476
1157 807
1407 3411
4377 6327
1098 1516
1747 2851
1169 3123
1861 3419
3210 2110
2821 4955
1909 5945
3035 6859
4187 3429
2783 6361
1844 616
94 2742
3142 2100
465 6527
2886 6066
3233 2633
4212 250
2617 6877
3258 4804
1177 217
1312 5968
3680 382
2550 1746
3321 471
674 6826
3991 1485
2635 1927
138 4158
1576 3674
1757 6817
1336 4746
1302 6508
361 569
3766 882
4252 3830
3066 6424
1867 6399
2726 2464
4252 1160
3582 5476
1643 3663
4506 562
1430 944
2264 3696
2315 2207
1388 1818
3896 5002
1803 1881
1852 3750
1406 3852
4363 4369
231 6467
1910 5332
2402 3336
52 2194
3780 3368
2631 6855
2299 5153
3366 4600
4192 4942
1386 208
783 627
3012 6952
1507 105
673 1623
12 3832
4006 1712
4013 1095
1167 7017
1069 5723
3565 4557
1472 2854
3969 2361
4170 3111
1982 5164
3364 4
59 3723
549 5485
3846 2738
2007 6495
1803 3088
1544 594
1331 4789
3195 1695
2877 4185
792 230
1976 6214
943 5579
3829 1081
4116 5726
3069 4353
4433 5061
1575 4289
4388 3142
4421 3783
2442 2566
1437 5639
2338 4258
3336 6684
1468 3182
921 217
998 5460
2132 2196
3260 4300
4487 2781
1765 3551
1116 3236
1326 152
4035 439
4413 1103
4028 3560
48 6636
2182 6094
2446 3802
523 4447
3312 3080
3308 4812
4244 3670
1019 3071
4224 5772
2324 1798
29 5465
3646 6386
758 4764
313 3827
3365 3151
2284 2820
1362 5788
2265 2233
2294 4014
4182 4770
3285 3201
1372 4450
2265 1239
4357 4065
3375 6145
2230 1434
2230 4324
3946 6060
1850 3948
1361 5941
1015 4465
954 4794
2285 1203
1114 7024
1531 6243
1385 6729
3021 5307
1650 3206
3510 3888
582 2162
2368 5860
2868 2384
427 3447
2855 1445
2409 2331
3956 5698
2837 6237
3229 2135
639 1185
4356 6096
1641 2929
276 3586
2952 2934
1631 4191
2980 2586
180 1246
1667 2543
112 5748
2541 2321
2244 5178
4469 2466
3158 836
4070 5918
4314 2412
3563 4937
2855 2845
2727 3413
2720 2214
2896 6786
211 3153
879 5885
2005 4453
1785 2781
1229 2433
17 6309
3435 2205
1695 5457
939 4689
3450 3940
3413 2975
3667 873
3396 4814
3875 1975
771 4891
592 1714
1329 3359
3576 1832
3981 6791
4507 1807
2851 409
4101 1587
2075 5759
1562 2986
411 1545
4293 6015
2299 4125
2482 4196
591 4335
1531 5593
2465 5557
2929 5209
292 228
2102 4120
4154 6582
3549 2281
3721 501
1636 456
971 1255
1753 5687
1676 2258
1849 245
1021 2987
3098 2720
1992 4318
2089 4047
3474 1850
1801 711
1956 4160
3780 1194
964 3786
458 2522
942 3730
328 3170
2853 7075
4239 2177
2558 6854
3426 4618
2994 4578
1899 6283
2405 6907
423 3967
4208 2072
4348 3160
1085 335
1636 1982
4394 2498
1233 3887
2196 5908
1894 1286
3975 4769
332 6412
3001 4959
2994 5202
1437 2159
563 2859
2629 6325
2780 2375
3120 5336
863 3067
3791 4067
1837 1485
3743 7029
4263 4475
894 5290
3736 664
137 5721
2256 2276
1159 1905
836 6624
1766 876
1714 6704
2256 5568
2789 1719
419 6563
1770 2692
2577 1987
3408 5912
61 2727
2991 1167
3379 2861
2602 3074
448 6466
142 5412
2096 5692
2863 1599
2124 3408
3927 697
2171 1263
2133 5305
1883 6035
3847 3943
4367 1895
629 6165
3413 583
3702 4752
4113 5419
2304 798
3328 2834
3872 1058
987 4415
142 4580
563 5617
1310 6794
3630 140
84 1266
3549 4261
1633 1659
1841 6985
1389 2979
1526 1110
1447 6721
1416 128
4206 5638
1290 220
3735 2149
2843 21
3452 526
185 5521
2426 3960
1969 6505
3898 110
3627 3901
178 6382
326 1432
2652 4520
162 3876
2195 501
1087 3787
114 210
3545 991
4320 2686
1488 6262
3595 1905
1745 6873
732 286
2540 2140
2281 1993
1826 966
1013 3837
4401 4659
765 7089
1940 3420
444 3594
801 2721
3144 6250
1166 2358
1930 4536
2655 2499
3435 453
3301 5797
4155 4655
2297 1507
1637 4239
3950 7074
751 1801
623 6421
1785 5871
2423 5169
361 1799
2539 4661
3254 1518
22 288
4049 5485
3109 1977
2898 1998
173 5263
1324 2740
2798 288
690 2660
2455 631
3537 3341
3295 3451
3705 5887
240 6456
1692 64
3191 105
730 3358
1952 5200
1094 1998
4252 6008
2450 832
1087 1989
84 802
4497 5085
2114 2832
3288 1980
1070 6208
1423 7033
748 2622
4136 1188
4310 4014
1671 5789
3429 719
3298 5078
3563 1793
1844 2808
4336 6358
1344 5496
3476 2690
3662 1252
453 6593
2169 1625
4069 3847
4489 5723
3921 3191
4338 7074
2958 6960
1647 4921
1241 2821
4175 3079
4161 1681
582 5280
3642 6348
1332 2226
446 6834
1410 6600
1178 112
4010 7074
1264 834
3727 361
3977 6759
3010 4700
1895 903
3258 4188
2708 2152
3091 6073
3729 3801
2391 2855
3738 5394
2504 1756
4180 906
638 978
1106 5700
3350 4694
2614 6377
1573 2807
3782 1792
2882 4854
4511 4665
566 6732
3072 3838
2381 4457
3849 3873
915 739
1250 4018
3483 627
2372 424
3418 288
3384 1412
2658 3618
4216 3470
1910 6848
3422 70
2252 3822
4360 3448
3818 1128
345 3615
239 6131
2045 3253
2999 4083
2342 5782
1218 6512
784 6618
2776 2386
2722 5692
2309 6847
101 2961
2149 2135
1776 3456
2192 4608
19 359
4180 7028
2205 4385
1618 60
4481 691
3811 2411
3505 2333
1841 6559
3236 4088
1427 6613
549 6545
3351 5205
1542 1606
1834 4668
4099 5171
4370 4994
2541 5691
3725 6245
3053 4743
4509 771
3428 848
3462 2540
3223 4923
1553 463
3789 4189
3413 1895
2626 4258
1782 1124
3234 2730
3647 6323
89 3401
3568 6060
1362 1334
3851 5927
4076 668
3688 2512
2056 118
4506 6740
778 1356
3471 4145
2193 1759
3438 2742
4142 2676
4373 1813
2873 4865
2341 3571
261 3243
3634 3496
1098 1938
3998 4348
1677 1183
1833 2099
3642 156
224 3376
1065 3169
978 7034
1310 1168
1763 5089
2887 1679
3105 83
3156 3640
3353 6411
67 513
148 4808
984 6840
281 3877
1133 5325
122 7072
3468 5889
2077 6797
4267 6107
2481 339
86 1248
2439 6869
3593 601
520 4572
1745 4555
3847 5695
593 6783
61 985
1579 4823
2555 2261
3294 4034
1856 3740
4463 1739
4320 380
1211 941
3835 677
703 5363
2777 2035
1619 6783
2258 5598
2000 388
1767 4037
3196 3256
2842 6428
1013 1205
249 5119
2713 3357
3422 1842
2773 6645
245 4241
4408 3030
3320 3912
1172 6006
343 403
3426 3388
257 1751
719 5189
2581 939
4140 1562
268 1492
2147 1251
2777 7043
2629 59
3877 2695
4245 1305
1632 3276
174 3038
2376 1542
1291 336
1060 2870
1404 6572
3828 3090
629 4523
2476 796
2322 878
2675 2793
3506 2716
2195 5423
2326 2890
1883 3859
1960 1708
2297 1359
2510 2892
741 5087
325 6249
4468 2956
748 3248
1268 3872
2568 466
1974 5560
4491 3081
2712 2052
1526 5662
534 4190
957 4085
922 386
3685 5515
3335 1591
170 3956
3494 2524
1801 3013
3773 601
385 5775
1216 792
1577 2321
3923 6445
1836 4682
4288 436
52 1688
1598 3458
1690 1950
4292 2346
3482 4904
3225 2389
3266 1644
4154 788
4398 1656
2235 5565
178 5538
387 5711
3101 3601
2775 1327
1673 5607
3482 774
2961 3177
1303 5369
2836 3198
4011 6823
4130 4576
2310 4106
169 2191
1689 6520
2221 4817
3267 3529
448 6054
4351 3889
4156 200
671 4547
209 2273
4064 1948
622 5088
3597 5123
1436 648
548 2946
1159 4449
992 6146
3137 5385
612 4302
108 864
1403 1777
1855 2461
3449 3720
1370 2450
2642 3546
4055 3487
2404 5066
373 6365
2097 6773
4159 767
2799 3899
453 5233
583 5463
2492 1554
3707 5583
797 2937
2679 4827
926 276
2593 5593
3914 682
1005 6515
2608 1618
3837 5215
3164 2258
3638 4896
2257 5707
2781 97
3772 6690
2502 6180
4241 2811
2821 5427
3436 2368
653 5609
2556 130
1751 135
424 602
4106 5658
2260 6612
4459 2339
1674 4308
2812 2110
1495 5249
3195 999
3192 1448
1320 5498
4210 4678
3460 6984
387 7027
3862 6386
1531 4197
2923 3931
17 2197
2131 5725
322 3810
3280 2510
2377 5541
4027 1865
2262 3944
1032 1992
4225 7011
980 2180
2771 163
3924 2850
3084 2710
2202 4722
710 6338
3285 3967
2126 3700
4413 1907
3428 2256
3512 5794
1290 866
3597 1859
1866 3768
2513 111
2410 488
203 5803
4315 3799
2520 3728
1535 3937
3371 137
1638 5434
1372 836
965 4841
1613 1069
480 1388
2104 3894
4336 3098
2552 746
2979 3353
1475 561
3760 6584
1026 1772
3193 3367
3722 1376
757 3063
3069 1971
822 2202
18 2314
669 585
229 4291
648 5656
856 3714
3966 4600
1948 6066
659 1997
2561 6663
881 4445
2153 6729
1226 5918
905 4127
4464 6220
3392 1746
2634 4984
2462 6946
1102 6488
342 1202
292 1750
4300 1062
3335 2227
978 5014
120 2846
94 5760
3278 3524
3248 4346
3352 2274
3951 3135
4494 6354
2648 4824
3753 829
3934 5628
1461 3593
3206 2154
884 1492
380 2324
2571 5533
2829 3183
2367 169
3266 278
126 5966
226 4770
3031 4725
760 6788
1224 4422
4336 5734
3325 6091
2444 370
2400 2374
4160 5708
1555 833
4052 6676
505 5989
1138 702
2393 55
752 6780
1185 953
1293 6289
409 4781
1798 4301
1720 4556
3851 5535
205 183
440 2360
4473 4177
1300 1968
856 270
3767 1173
1135 6851
754 3120
2398 6590
277 311
3218 972
3805 3447
1883 3667
3195 3885
2991 5627
3752 6494
2079 659
3977 6417
3946 408
2490 720
1715 3265
3944 4818
3061 6245
3088 262
4136 4358
1808 1252
3712 4101
1484 3022
2036 348
1772 5304
3638 2584
2641 263
2878 2508
3830 6506
2196 322
2108 1510
3127 5249
3887 2651
3080 3476
539 19
2322 4962
1383 555
2276 1956
661 5739
936 892
1127 2581
1467 677
654 416
253 709
1749 1117
4305 4747
1851 2671
206 7040
2499 3835
3848 6320
4309 4943
3257 2293
195 495
803 1919
544 104
4275 2831
2958 1154
412 4116
3362 4886
4302 5932
1837 5807
1052 2312
4288 6050
3218 3114
1188 1630
2612 4118
4428 3838
3086 2212
2677 4033
1219 4959
2156 4972
4206 3692
1756 1566
1303 1487
3921 1971
339 6281
121 5759
1751 1929
3317 711
3958 3034
4032 4350
3012 6958
610 2220
1447 6683
3063 6707
430 2840
2478 5016
1807 4999
4310 2572
3560 3336
3204 6354
2305 2893
3181 6023
2987 3295
2064 2594
2890 914
3490 2746
1595 5313
4478 68
897 1159
3923 3655
3788 4076
335 375
2240 3016
134 3966
2327 2943
4174 7080
2233 2969
293 4753
4420 6694
1782 3456
3182 2650
4087 5379
665 3975
1365 331
1114 282
3349 1751
1443 83
1640 5326
1245 6433
4487 1553
837 1527
4509 4551
2429 2545
1271 1485
3837 2949
3379 3405
1223 2143
2520 5092
1277 2009
660 4292
2723 1849
898 2816
4441 1281
3066 4420
2812 6570
2558 4142
1315 4631
884 6508
4504 830
3161 7061
1962 254
2066 6568
4515 1213
2991 6039
190 896
2487 3479
513 65
182 1512
2753 5677
3514 2364
1435 1181
4432 6534
2235 5253
3796 4476
3956 5894
418 4358
4494 1668
1533 745
3583 4193
1086 6390
3759 6237
2015 6833
3557 6017
468 4278
2016 2508
1782 6632
2753 97
1765 5535
1532 6534
2351 5253
3113 2339
885 5951
2979 2595
1065 1657
4079 4293
3559 6207
594 1262
2136 1396
3430 2806
1527 6267
3665 329
3244 6496
3980 156
3647 3661
2731 1637
2914 3978
3170 1958
36 3924
1716 2204
1807 4625
4105 563
3553 3311
4051 5125
1230 6744
678 3616
4315 5493
2591 1841
4317 2869
286 2718
2487 6483
1862 1546
2985 2203
913 5003
3113 1707
1617 6777
3319 5293
3215 2413
3718 4646
929 6305
1457 1967
3791 2693
3577 5301
4413 6459
3871 2627
2044 1038
103 947
451 4901
2421 7031
2360 2122
3475 2825
3402 6768
3172 898
2978 1876
3985 4593
3271 4581
1882 6918
1053 1733
3160 6118
2077 4761
2613 4551
3932 2790
3552 2610
2398 5710
3841 3791
206 5232
2860 340
586 5742
2015 2557
3676 5700
499 2475
309 5031
2407 1063
1258 6492
988 5612
1405 5207
1362 4842
1852 4971
1816 390
1037 4109
3273 1711
2532 2816
3243 5555
1169 813
367 6351
199 523
300 662
644 5882
2250 6094
1416 192
299 4599
3630 280
3360 762
821 2239
285 3663
3293 3289
195 1691
3908 706
3775 809
976 1870
4272 560
1072 1408
223 1337
1758 3668
2326 4512
2050 6240
4480 1840
2005 217
692 1478
3568 4848
1824 5598
225 5709
3232 3578
1684 3604
3362 4086
2598 28
3389 4591
952 4472
2140 1468
2020 1006
1183 2031
778 348
2030 2570
2457 4585
1897 1471
1381 3945
1762 710
4019 1907
464 1606
1550 5856
2548 2826
158 3784
1946 2116
3101 1693
3162 4572
3145 2181
1475 1619
3438 1988
1717 2421
2080 2172
723 6219
3353 5935
1731 3437
1820 6214
3264 5204
2194 1112
2264 4482
3179 4129
3093 515
1208 1488
2812 3588
647 6201
1357 5357
1448 1426
3873 5435
1677 4581
2105 3767
3053 6615
86 2164
3216 5506
3551 3965
2748 4672
762 1956
15 4807
86 1342
3563 2891
701 6509
2469 6867
3209 2877
2894 6610
822 6254
1344 5760
2424 4546
2998 5462
3269 3405
1031 6263
2694 1490
4229 499
1874 1392
4341 4681
2358 1070
1492 6354
2329 2967
2146 3946
1669 2953
1016 3098
653 2517
222 1812
145 2719
1386 900
4049 3329
3663 945
3422 5978
2327 333
1669 315
2051 5215
1967 161
1008 6224
3005 7019
1546 4514
2137 6027
3733 5589
2934 3916
3641 2471
3927 2595
348 5886
3722 2330
1647 2121
2453 3211
1087 6965
2707 6971
901 143
3941 3845
116 5962
1127 4069
2486 5872
3195 3763
4128 6172
1162 6162
2007 6945
4272 866
2970 5398
3289 595
1562 4806
3878 5292
1829 1605
4171 5877
3162 556
3212 494
1039 4113
4035 5213
957 5987
2445 3469
1394 480
3135 251
4249 3643
2667 299
3542 5330
3438 6832
3129 2181
699 6169
2200 2780
100 2840
1181 5899
2975 6337
1513 6731
3296 6294
1689 4643
1066 1240
353 5557
1387 1851
2211 6909
2904 786
3994 6324
154 1162
3484 46
4035 3264
1946 1144
2495 4403
3455 901
1012 6610
3913 6977
3904 584
803 2233
4236 898
3116 706
3485 3139
3137 669
2557 3251
86 4460
3078 5230
142 3944
224 5406
4062 3092
1441 1093
3335 6521
2737 5183
3786 6486
862 3864
1680 662
2767 4346
4257 3455
3997 5581
681 4419
4379 863
2329 3899
2819 6411
1983 857
1865 3169
3694 5472
265 5743
3637 5155
1530 1506
3366 1636
2149 3537
3326 3468
4120 4030
1109 883
1348 1188
3438 84
2932 1208
1666 972
194 3236
3151 6925
2483 3169
488 3698
1035 543
198 5116
2798 6700
1698 1724
1139 2661
4011 6299
4436 3480
3732 5318
2352 3870
4384 2422
874 6336
3138 4442
66 898
3795 5463
751 2823
3177 613
366 1652
2035 2579
3159 5221
2862 5202
2563 4353
2958 5716
928 4354
1122 4906
1541 1475
4507 4027
940 742
1770 2968
2839 4659
2642 5634
857 4853
2463 5757
2121 5843
2699 2339
1794 6854
3617 1207
954 4438
2669 3683
1951 6393
4273 6929
2048 3256
1608 1376
3460 6430
2098 5230
3197 7061
2078 3636
81 5251
891 2891
4132 2918
4440 6011
4386 4476
841 5401
2525 2633
3616 1740
3851 5899
3037 6907
3178 4912
2810 2034
2745 309
2526 4024
2292 5138
3008 3740
36 3494
2293 4463
573 2677
400 5402
