89 73
35 68
30 55
15 59
22 70
96 60
74 21
34 8
99 45
49 6
16 60
42 87
43 2
52 38
41 38
8 71
100 29
96 84
9 61
48 94
39 89
8 68
37 95
32 57
46 11
34 25
71 73
86 43
97 62
54 73
39 18
62 92
88 52
100 92
23 46
23 46
48 68
27 28
70 74
4 53
64 57
81 13
89 70
96 76
48 12
34 90
98 79
86 33
86 17
59 5
69 54
42 14
65 25
79 43
92 42
56 97
21 37
34 28
71 81
33 19
74 14
47 49
68 35
90 91
95 99
89 49
36 57
31 86
69 25
1 4
27 63
67 64
4 16
88 61
12 60
9 96
91 89
62 35
69 91
95 70
11 61
97 52
36 67
95 93
2 30
39 9
72 24
12 35
25 43
44 93
