161 856
47 271
319 476
423 242
115 51
305 111
251 634
579 344
121 637
413 878
51 779
96 431
338 108
526 740
218 894
462 159
521 446
478 785
887 754
666 127
668 378
762 771
74 108
794 646
817 714
834 421
371 14
529 546
381 726
378 645
17 911
40 414
291 331
983 190
724 604
787 756
948 9
979 751
490 322
401 979
545 317
805 148
779 872
218 263
264 433
698 810
824 482
399 657
552 483
422 345
651 238
266 430
175 758
622 213
648 618
840 8
799 639
240 852
791 971
85 326
410 52
961 574
296 53
828 754
747 715
210 782
567 961
861 257
149 826
292 904
470 789
902 990
995 91
532 899
527 401
714 72
74 578
976 309
236 26
730 708
345 871
979 651
347 531
251 392
700 226
36 215
383 724
468 874
430 377
780 945
869 288
763 976
238 354
611 927
337 937
599 277
582 1
614 118
288 508
6 78
609 21
640 547
741 720
199 960
720 969
321 923
449 770
591 613
309 605
146 429
364 523
254 8
556 183
857 197
533 591
465 874
45 191
938 553
455 677
455 487
877 205
587 523
969 699
228 91
117 182
886 770
515 194
292 487
332 397
980 106
288 928
186 895
314 856
371 711
999 193
74 234
757 3
551 551
276 557
770 840
615 483
781 739
822 256
476 208
756 791
812 791
196 311
987 202
149 751
338 396
263 35
251 168
997 29
872 211
361 951
311 878
950 914
333 456
884 759
466 29
573 62
738 810
