836 840
318 975
397 969
671 774
782 680
571 390
789 887
191 541
977 617
427 766
208 500
335 736
62 865
478 319
527 948
145 755
22 521
230 847
645 735
567 844
967 560
412 521
483 598
612 459
758 107
402 112
317 406
442 343
447 123
831 600
77 251
9 667
487 680
322 648
834 6
342 26
663 440
81 389
360 200
233 125
675 216
797 973
466 772
595 819
535 912
386 779
76 570
198 683
147 42
760 23
518 886
716 337
386 356
131 770
86 702
720 109
546 154
571 843
531 622
365 326
378 980
881 686
683 691
887 580
907 67
188 535
414 204
812 427
436 928
27 946
758 317
113 360
346 5
570 573
746 605
377 318
83 581
10 801
576 822
783 905
227 335
764 237
3 751
927 790
51 638
516 532
884 953
358 720
260 568
527 219
347 438
939 255
797 240
832 908
425 581
776 469
592 605
854 172
746 846
637 296
67 316
13 147
420 728
273 55
877 411
293 59
762 947
659 27
753 637
272 264
692 933
264 858
458 562
325 785
719 875
744 903
779 381
691 387
119 903
491 660
234 555
869 73
479 355
932 368
31 328
643 5
764 104
824 329
436 750
606 452
172 676
24 498
404 991
413 899
401 524
599 754
869 436
885 892
905 256
958 876
115 440
17 181
77 788
683 918
483 470
163 971
987 165
659 640
984 952
435 667
32 115
224 50
46 332
519 54
396 898
785 883
346 142
444 170
525 479
923 93
271 253
296 899
756 534
338 460
165 321
168 857
994 943
182 453
756 230
163 247
613 370
763 903
621 932
396 226
223 295
591 514
515 613
150 172
501 478
567 688
985 984
8 181
408 130
318 281
783 996
361 330
759 11
776 32
911 951
400 336
785 919
282 946
991 769
632 96
1000 404
637 324
23 13
455 567
256 572
269 813
819 566
321 751
245 900
97 852
431 629
522 650
622 755
233 710
132 135
465 256
490 733
577 285
950 753
85 712
129 40
841 531
920 723
636 559
223 96
98 576
219 340
428 702
572 234
393 997
339 292
12 304
54 268
742 204
967 422
50 358
382 469
488 720
972 983
394 890
684 44
639 334
902 641
663 767
135 415
733 97
595 852
792 450
323 226
791 215
728 708
574 995
473 545
797 742
183 145
339 502
751 833
518 534
742 464
465 319
65 625
361 850
262 294
829 237
8 124
220 601
340 827
864 815
91 215
985 49
406 33
496 515
497 608
143 960
866 508
422 251
681 420
656 251
586 717
576 719
518 690
983 32
996 791
201 717
65 50
99 856
643 424
86 220
785 930
154 942
577 906
164 331
539 640
603 176
835 7
605 519
913 564
183 630
654 915
386 513
655 785
67 643
487 753
467 636
838 994
256 119
810 753
22 506
856 199
96 4
475 380
977 654
17 976
945 562
206 262
91 495
725 461
64 211
479 495
22 269
477 635
507 777
417 505
511 134
957 120
139 514
453 315
80 7
459 939
477 670
965 594
623 64
389 329
829 720
794 598
380 650
868 799
342 43
499 844
646 95
214 205
194 49
638 341
283 949
104 655
595 628
762 167
761 888
110 295
784 114
112 731
475 520
491 959
58 826
696 922
460 263
845 143
760 437
413 150
803 22
159 734
817 465
873 850
209 18
957 942
757 156
598 543
791 422
849 291
916 185
927 180
135 768
958 265
894 898
881 992
823 501
512 376
511 276
752 65
360 128
986 48
604 270
372 871
805 97
613 236
923 952
106 718
910 546
979 331
5 34
853 965
112 831
499 503
682 216
841 531
287 609
904 41
129 326
342 181
65 199
137 13
467 370
523 436
443 572
140 783
634 561
948 228
137 372
197 363
998 185
113 653
160 786
695 40
320 205
536 202
76 450
752 168
45 63
575 564
554 584
764 563
252 308
10 602
792 150
352 251
102 935
730 495
477 671
995 922
44 43
701 217
699 812
895 279
535 870
793 773
536 724
593 700
467 683
470 454
398 54
970 292
928 221
800 308
700 375
999 887
431 62
578 210
323 497
665 586
308 800
945 927
983 710
434 670
437 810
628 267
830 285
40 633
10 385
983 404
307 615
488 827
780 692
638 363
62 749
530 637
949 700
145 535
569 26
168 492
568 241
465 392
619 586
524 205
554 332
774 447
744 772
667 932
586 873
54 932
819 599
358 839
14 925
307 866
757 931
333 220
202 932
480 174
148 529
843 415
119 741
543 479
341 78
11 104
943 304
805 477
997 399
839 913
600 913
968 68
320 960
284 811
316 658
42 798
944 145
499 59
173 463
796 679
48 997
644 869
98 712
493 453
498 847
757 482
15 975
130 746
980 69
216 99
160 982
358 213
832 425
196 634
566 134
109 70
372 836
887 463
88 633
742 797
560 638
541 524
988 918
685 774
427 150
669 369
322 276
373 157
255 906
290 157
205 311
98 224
164 773
526 91
208 934
74 356
464 483
989 219
364 171
635 633
669 365
762 638
278 14
123 770
180 922
139 731
600 43
316 826
315 542
830 370
127 859
753 963
160 983
27 793
41 989
555 898
122 732
963 842
709 384
92 30
600 113
612 532
548 457
968 817
5 459
297 688
832 41
330 399
705 194
235 549
160 859
664 112
609 510
957 992
604 867
761 596
768 207
288 224
254 1
813 489
954 459
178 831
590 444
236 265
582 741
300 273
378 345
461 966
241 210
225 46
903 611
95 236
971 133
969 595
428 115
568 349
722 533
835 307
216 230
893 703
68 884
467 397
813 512
952 413
210 232
696 478
222 496
869 726
942 7
295 310
291 780
573 835
783 545
83 97
14 203
127 160
507 17
349 594
471 931
12 458
56 715
11 990
2 80
638 914
995 239
680 245
319 977
178 795
972 384
452 413
20 543
20 553
389 650
926 735
980 371
725 131
909 942
60 202
351 634
949 243
124 494
742 444
376 243
190 506
857 593
283 695
515 574
593 891
698 581
514 478
101 554
592 712
769 234
806 303
369 97
908 496
635 323
915 175
300 934
117 492
72 717
400 230
238 156
222 581
354 704
398 197
93 366
820 43
145 991
564 811
837 104
73 449
126 721
54 667
327 604
801 549
665 396
231 852
442 9
750 334
513 929
207 510
153 6
225 423
257 970
576 476
550 179
643 439
291 156
429 471
518 635
61 949
913 733
513 748
876 140
277 207
839 755
40 961
406 624
438 462
242 658
732 27
346 839
449 763
637 523
437 222
469 328
709 761
883 783
904 830
926 882
738 362
613 156
213 43
582 753
539 6
964 807
293 732
48 707
420 442
793 908
869 175
387 105
335 23
18 612
414 351
132 825
763 28
818 458
759 412
476 205
581 636
660 716
451 529
558 207
303 217
358 142
484 6
230 346
768 504
589 771
59 303
85 775
338 477
773 870
106 449
471 462
29 355
153 614
54 696
381 234
78 614
171 200
96 682
206 484
484 696
370 457
558 643
414 139
820 167
58 481
138 171
524 812
474 887
438 266
227 357
88 130
789 980
949 2
876 280
322 178
574 667
687 501
181 928
776 564
35 711
20 181
651 91
290 551
66 616
829 308
76 621
660 544
227 40
579 121
730 232
778 370
262 95
972 563
928 537
149 247
218 143
849 191
525 634
713 506
426 711
119 290
955 360
165 673
247 883
194 539
377 633
663 471
84 368
797 582
542 843
728 675
17 581
78 419
962 589
850 127
677 657
655 212
526 24
508 692
229 60
889 394
312 22
836 173
350 166
444 570
482 885
299 985
243 694
65 815
636 124
306 265
103 788
462 254
747 476
614 5
520 203
354 643
508 993
937 555
561 259
