566 202
406 23
917 729
875 446
182 27
866 795
968 837
3 127
953 190
89 816
494 220
52 345
746 687
999 459
777 659
643 641
816 199
557 869
901 157
473 359
595 150
253 623
243 807
962 875
902 640
27 978
304 904
956 603
890 719
574 770
484 779
403 866
926 785
976 626
506 361
831 529
621 301
565 64
495 659
80 749
291 889
624 552
59 970
754 874
179 137
967 716
201 837
825 521
194 605
815 922
111 579
743 937
141 157
486 634
362 496
542 229
192 323
344 492
124 155
147 468
516 905
272 147
122 363
30 184
320 131
575 569
706 690
11 522
906 720
943 410
537 373
39 368
855 924
749 850
103 602
255 491
560 177
979 659
958 670
238 242
764 852
503 937
672 728
715 690
638 913
266 113
761 751
126 505
819 595
262 272
191 760
423 413
372 917
339 360
744 935
732 524
261 689
502 937
786 227
300 573
305 975
148 275
829 586
414 92
54 990
9 184
822 926
803 741
435 162
919 570
376 259
666 132
179 736
754 56
448 916
918 870
69 625
836 97
455 956
25 887
61 64
529 35
526 843
825 171
290 555
991 46
816 45
760 47
513 481
547 826
84 165
419 743
195 803
343 877
172 688
438 950
462 312
301 10
371 426
982 448
23 151
677 467
188 575
399 206
441 691
961 862
891 9
187 539
983 146
744 690
352 147
715 41
899 590
930 902
445 471
710 525
541 1
515 164
88 48
978 331
72 189
472 117
634 169
395 298
171 747
217 789
344 935
94 55
628 214
78 193
122 700
58 592
414 826
812 85
493 433
443 718
98 521
760 644
465 806
733 172
291 107
199 554
197 834
961 583
529 385
409 169
836 265
925 554
495 130
322 999
241 362
352 447
622 248
868 764
656 908
344 465
849 634
795 873
917 169
635 541
924 506
813 369
114 578
737 296
346 265
976 132
610 17
465 184
311 178
886 810
853 660
709 315
440 430
395 839
940 198
933 905
132 726
94 378
27 794
849 588
581 44
893 133
296 323
711 236
570 210
85 923
903 346
785 93
303 151
122 394
677 556
957 306
461 612
531 963
280 46
435 986
652 905
988 980
581 709
710 33
498 523
299 996
92 32
553 818
871 508
901 136
309 270
88 626
775 904
331 897
77 754
806 287
375 671
206 452
842 893
267 567
947 665
910 499
1000 165
187 479
800 653
637 616
410 854
316 408
774 499
752 460
975 475
207 303
737 344
777 352
645 316
245 745
284 889
871 192
220 404
264 444
72 671
883 192
330 827
42 737
33 938
880 77
458 552
84 114
302 805
58 519
535 116
780 381
868 471
411 622
74 398
669 121
876 856
990 580
85 549
116 126
845 72
409 909
808 517
662 833
304 728
786 970
938 615
774 233
340 679
398 549
81 831
458 128
153 715
223 423
395 452
199 411
751 481
30 473
761 234
852 1000
860 162
713 273
979 325
950 238
271 349
40 226
58 654
205 895
643 696
57 568
638 654
280 536
499 965
142 81
789 821
797 319
691 907
559 971
363 309
244 740
411 70
883 409
327 613
241 140
667 554
164 488
655 422
453 783
321 620
966 61
436 565
718 222
805 480
35 789
762 20
123 41
896 445
683 493
151 972
366 972
429 74
915 527
304 145
961 298
372 319
236 718
88 7
95 43
675 367
637 38
545 827
123 710
126 618
968 201
800 650
412 979
296 626
655 601
165 269
578 796
792 709
778 197
928 244
408 187
520 900
645 974
693 131
418 790
887 29
432 424
784 320
140 635
787 590
642 598
311 745
81 222
186 922
526 673
726 524
297 67
408 670
284 888
675 355
662 691
302 150
291 941
4 648
748 382
6 715
765 290
953 823
577 491
708 991
189 683
503 400
65 788
784 565
461 156
745 962
883 803
84 764
59 650
795 199
13 690
371 795
481 950
175 343
341 541
582 328
387 704
686 135
472 187
148 595
867 134
413 320
772 706
63 251
703 769
762 33
44 615
800 646
344 177
66 809
572 402
507 734
590 84
653 965
174 879
964 30
278 47
571 266
892 794
924 408
8 673
632 801
709 302
240 906
803 635
611 956
76 367
831 907
531 465
262 667
921 151
952 621
580 25
268 688
588 611
554 902
839 505
756 697
111 738
615 273
128 988
115 635
145 393
902 349
116 233
580 686
256 868
771 388
650 110
725 247
702 672
661 9
926 196
769 153
847 644
675 624
891 693
370 108
626 917
23 910
164 827
499 468
921 327
88 182
959 477
403 600
490 283
54 117
874 537
749 990
513 781
53 121
803 362
448 258
427 258
791 514
180 471
467 92
531 561
869 49
641 983
613 847
188 394
185 771
492 388
746 782
96 192
940 291
336 291
50 73
513 861
461 156
620 517
62 518
169 158
806 161
208 769
184 703
529 375
630 451
255 787
897 960
651 745
433 930
800 188
757 488
898 542
602 923
999 933
875 341
303 583
588 919
180 586
94 278
646 906
823 537
754 319
100 355
639 842
258 207
668 496
418 670
110 280
788 204
27 661
393 744
569 111
431 319
327 694
891 627
316 245
592 463
930 887
298 210
821 146
789 570
329 457
469 369
