350 621
607 138
808 739
879 102
280 35
61 407
959 541
628 985
170 579
909 763
829 660
372 391
712 26
35 437
441 668
699 551
457 119
747 566
34 985
998 173
942 974
915 96
327 136
506 197
313 624
684 641
484 683
168 346
128 331
166 533
716 809
22 439
218 344
160 479
961 650
377 688
519 875
135 692
554 214
371 371
838 815
130 739
404 455
261 361
274 644
406 164
16 363
922 935
259 887
234 173
940 497
293 920
178 32
459 126
654 360
372 924
530 696
840 510
940 344
181 889
223 148
999 101
56 139
131 464
136 669
940 962
612 604
232 699
675 218
344 576
277 979
282 220
277 372
351 604
41 490
703 991
353 973
252 811
319 76
302 682
624 664
616 257
704 329
481 72
80 885
103 451
481 954
182 526
847 284
972 523
433 718
832 520
385 742
928 860
804 497
294 840
323 584
352 207
158 579
180 561
546 68
803 175
420 105
624 791
365 704
92 173
376 443
946 680
830 917
349 239
393 688
424 95
97 133
734 402
258 967
132 442
531 645
765 212
378 269
569 632
334 942
729 937
895 410
723 336
542 393
660 226
783 537
589 552
683 188
908 883
1 466
207 703
824 881
980 338
994 301
274 310
502 124
707 868
645 221
929 611
433 271
112 972
644 484
297 819
328 489
906 148
770 290
298 315
275 15
42 465
425 868
103 792
517 954
30 544
199 301
640 531
541 634
54 913
182 342
834 71
786 543
995 946
948 414
436 123
240 849
491 271
290 467
232 535
333 520
831 915
233 677
790 926
480 213
98 939
709 647
560 996
912 994
131 813
954 614
299 831
540 752
45 446
15 660
627 918
655 855
403 218
222 708
975 675
12 636
721 264
534 987
172 601
176 885
995 498
693 139
819 867
992 971
470 814
942 677
931 209
757 6
120 116
845 737
56 849
227 802
761 140
923 800
392 352
896 878
479 196
599 528
128 684
34 93
40 247
355 7
803 700
127 566
734 480
19 864
914 953
214 645
725 569
938 112
204 421
634 807
859 322
236 243
525 15
848 912
24 831
376 729
386 788
103 262
753 639
854 379
262 756
256 82
72 60
281 27
136 547
583 525
769 466
549 135
262 327
795 431
286 128
154 859
554 419
530 959
443 951
944 231
764 402
476 112
173 773
723 734
793 165
955 815
836 721
623 606
472 170
777 748
33 783
323 791
49 477
218 876
769 474
375 459
13 702
232 306
393 67
450 353
632 563
542 788
310 302
837 272
432 800
719 122
44 468
624 893
343 689
804 363
779 627
295 378
623 553
453 336
361 272
937 216
422 310
846 742
449 292
606 821
42 642
709 419
525 794
742 498
660 943
537 358
124 685
426 528
208 243
945 306
445 525
731 465
485 932
505 170
139 658
74 29
537 182
399 637
49 152
838 324
64 598
266 812
414 24
839 33
335 569
473 550
611 661
605 192
253 900
985 168
560 821
279 366
919 948
256 913
988 39
615 874
207 122
507 34
625 670
553 94
444 645
947 352
122 692
445 618
878 475
312 236
109 136
258 968
629 827
916 29
815 816
44 728
991 130
825 795
520 927
207 751
610 705
878 348
266 574
747 596
