336 942
88780605 749543039 294627280 877367321 13186010 677204777 502636589 991941296 36950558 702600598 866660361 740533217 304042812 921531716 807897084 524245231 451108405 725072977 828242217 849091391 795699574 79943345 151083272 775557851 367556562 624246988 152993972 908285657 738367942 736812405 565135551 153803908 239700302 494390984 848156059 297226800 844269760 362539052 293125402 1027316 174622935 216599752 86480801 279797395 122724817 158733987 480473207 302298968 372059210 219568431 52786113 911787656 210179265 556360273 317934241 984929315 77034047 433073595 166746806 663214910 710250138 167796035 471234382 159632287 884540316 372987103 911712319 612593737 944713220 323996720 659440954 354070039 62565071 12481020 908212359 477214366 52486161 112997105 784312598 407183668 285508877 188622862 458275337 149556114 591881258 991572998 741219365 434778908 673931795 188606537 55382139 115140677 567156551 694825650 871336336 496937871 593749500 548101287 68869978 744187648 594715895 359254446 218298011 547163363 710519665 73041318 963301852 489552598 607589274 158632458 133310090 501374585 82103556 365254783 411239195 177885538 234449242 540971643 945381519 859276919 359159643 261685057 612095666 61243951 366482337 275495319 541400722 366009764 927098238 864742991 873060645 488617558 616981138 722802734 500696278 836186463 649569984 829816501 908189703 82414674 983976790 583095128 322578677 965007993 223898888 728595764 916375350 715311079 280858921 180663592 43651138 679413010 770668149 887431124 880127609 350537082 465008091 602439784 150804220 973284605 965906798 386583378 876275791 694010045 860066947 6955247 771427193 625071787 682669482 191533015 347183968 381509224 665720906 755468902 293641504 95622870 315142355 440141020 931533297 165627667 372861859 771440573 607261633 487336273 332773241 783838206 909562949 646268985 263507756 239375209 34651307 509098166 597182161 96723150 851225735 463068250 391024173 506350503 223820369 544637611 723542690 421358191 322088464 506423901 261527474 499664291 991430828 578831308 767452009 972609816 732028015 801702376 210910777 903076701 35359676 871602158 780654525 835092852 845285909 497646025 209230136 445546754 592197341 581993893 838977301 624852795 651411184 800817469 876717181 889619548 618548651 206035167 171850980 7942396 959492418 483151164 89198001 88449492 404382489 208868371 909696693 116308728 675919164 679375332 356624034 816290022 662375449 49077747 461382754 59900472 140093051 670922869 960418974 500861209 163882723 182522854 285350067 826435786 742559072 379091661 254085255 615539468 310140543 551393468 928185009 654362645 857354152 61134332 436643676 775460603 926552995 440652391 976880589 386108200 831701727 943416123 581287480 246330840 350746640 478561560 788929159 95345529 636726499 951864954 937384009 923740997 978020149 784317261 322183447 160322488 1700628 131701908 73589067 569154420 337049578 173082984 509529368 35943240 87569002 218541376 185965876 827907358 122657984 558688268 883218564 567652734 820418801 871090052 540417953 14379780 68051862 239154838 45845727 555168902 81191933 929949485 9063037 38212243 347265122 622513622 941719433 172589935 31064184 488901612 688208342 503053237 599094733 200751367 487446798 684797734 999875504 738702658 483772684 199096340 986924851 961602420 
1 139598932 634819732
2 977973748 995845207
2 580818592 611064181
1 615841764 864818514
2 191127582 429245172
2 236021545 910570327
2 654922763 759839215
2 484241535 673448987
1 939805723 975825016
1 944440705 994071475
2 229034737 676507312
2 169208084 241539277
2 995800347 998632808
2 269508254 735597056
2 958823396 981055143
2 190583079 547931961
1 510039699 697323815
2 162980098 464101316
1 650951491 736908930
1 31236237 327383986
2 626012932 801243163
2 484385919 695513838
2 751326067 885317576
1 862701147 916686814
2 904480642 989198759
2 286487432 930363199
2 73100468 692359301
1 591786141 754062053
1 482498411 734313832
1 422497337 797762503
1 273694469 801871917
2 465560330 746411930
2 246395210 775418404
1 221377166 330807030
1 453550345 633223682
2 579627466 876753588
1 777600955 922544881
1 168124467 744468230
2 594023408 816237946
1 44010065 446108760
2 642969570 897265085
1 681589174 837653476
1 364498511 887726895
1 25067835 986313898
1 128654932 896512032
2 373493749 604572784
1 642579440 923864158
1 493337634 648604398
2 458343901 767453919
2 434970175 811385994
1 561028911 877831855
2 648718908 731167939
2 297358195 805553278
2 583612971 949061334
1 54123024 529544728
1 665645764 833921609
1 501148858 738441413
2 487294408 968360755
1 28023472 250887350
2 631646277 662448134
2 356623397 568495135
2 891437180 972110258
2 109258048 607549952
1 617041034 940334771
1 596537955 621046071
1 931258805 953148796
1 327904727 687791543
1 299642633 989608632
2 530639001 819791719
1 243469778 653942879
1 750738481 961977049
1 105416978 131162401
1 152946530 468431376
2 936177816 961573231
1 925153823 999994646
1 402934189 835067078
2 76955922 693438139
1 773430090 889791188
2 94900509 809188889
2 676594185 945480626
1 572230505 690245895
1 268372958 371214633
2 866574860 905522995
2 526811036 747650073
1 203362688 831399595
2 103380340 554585290
2 908613420 965979749
1 933947641 934871865
2 58340127 394799642
1 459091892 806285504
1 445236309 600659823
2 421942956 436635302
2 486256414 592552010
2 188435969 429103273
1 414663469 452542943
1 244984331 650119446
1 677006667 682946100
1 577031036 938177042
1 557669058 977447245
1 942999816 956939717
1 872361325 996058577
1 997885793 998044033
2 821375538 897532632
2 410395460 952306669
2 444388718 769379317
2 850351545 959193049
2 92580480 462218523
2 616191482 768923882
1 946206957 956247507
2 295575490 923574454
1 477644506 566523327
2 132996745 242586686
1 555459805 673835942
1 628590619 694715485
2 828145538 851803674
1 886565208 926350362
1 770847694 926604965
1 317963021 431235499
2 24302690 157538812
1 781688005 833922896
2 378253848 940281477
1 636874669 918017850
2 837068503 986649655
2 729625987 888128356
1 605976987 838062986
1 910619434 998122619
1 221213762 780828327
1 412490167 569918521
2 112460526 694513760
1 713837785 909981237
1 202029895 290474576
1 8854323 912747497
1 82445436 659998923
2 139923184 352707146
1 966868076 981970495
1 615544969 990357244
2 170581778 188333743
2 450327339 896543493
1 868990619 986352545
2 198815662 476289088
1 8221582 47041561
2 675998667 914485773
2 832432164 954575800
1 267543718 559175130
2 161600930 180087469
1 368499624 702684434
1 69641996 686285566
2 912533941 922309551
1 721905990 728260252
1 327412234 668961715
2 122308484 486300528
2 698650759 775466053
2 954043831 982568815
2 541611475 730315999
2 848557515 912397602
2 387636050 445339151
2 142940795 605928412
1 992967272 996109453
2 626998852 761150789
1 901169983 933141285
2 933995203 955734069
2 865609649 971510456
1 716906175 940907433
2 132363384 480882776
2 810898787 866070125
2 25048027 717389976
2 470546479 544255307
2 297850120 701668517
2 869759417 933825231
1 129073803 975308531
2 519952672 575123665
1 341149050 661027369
2 636864477 955802020
1 427483254 523232393
1 213288759 871847662
1 42328303 126247283
1 282051178 681005043
2 78232063 101870662
2 429062945 549007452
2 317045148 486383477
1 778537180 981934733
1 780937931 934634446
1 468916930 739376731
2 752528039 783446339
2 994446021 998177577
1 393365520 975357551
2 32564808 130003936
1 416290022 777558166
2 940057756 946782429
2 607937495 620304224
2 250577424 489933289
2 302494817 319820684
1 300414673 396817774
2 727233204 802364957
1 450142553 512475231
2 9805311 335533120
1 43938887 998688563
1 438775472 970141778
2 993241240 994953974
2 170362095 358122541
2 493578125 543237257
2 416062099 605227336
2 934040148 940172751
1 647282190 898125333
2 113941280 530406722
2 353186688 413975476
2 148895982 642542038
1 420407128 992198367
1 590057927 869914679
2 435275183 960862945
2 861190120 993432584
1 549543906 721457951
2 424472452 797773251
1 140754067 851580758
2 118462841 201979734
1 559715689 963098954
1 125714562 718968669
2 956059422 957062684
2 438345740 734135295
1 194191471 480741151
2 191076905 302853093
2 590313206 629205744
1 983602061 988689094
2 772594600 866784298
2 208149903 798766851
1 741678295 874501891
1 905787857 944449813
2 684888477 892622969
1 825514346 910110069
1 998048564 999989157
2 168539499 603049561
2 739127652 902310447
2 629256523 979939680
1 771105815 798759746
2 901065624 977822163
1 434216150 933047730
2 69827996 250288354
2 417713447 892202445
1 96249055 431576496
1 938270116 989436139
1 161465156 399388244
2 146467327 826558103
2 744824053 972039231
2 443952626 988483593
1 50970124 389310226
2 154153293 307121077
2 216928631 339688676
1 785583563 992824849
1 146487376 558333469
2 649095332 677348319
2 917754880 920600809
2 841323419 968305244
2 886738068 996155687
2 275380286 277994036
2 610819792 751359031
2 216885081 515891106
2 548217630 582020000
2 433404384 828665249
1 150410245 501830040
2 617832681 759338362
2 329665773 356087279
1 465883642 665434502
1 798227973 803982040
2 830989243 868105227
2 742092400 766085729
2 898581003 902683963
2 61462107 95926347
1 751488183 940222080
1 399496346 791227473
2 524238634 727310430
1 94335273 657973552
1 612070566 822880480
1 116729986 409162962
2 963118697 989335856
1 515219142 762582262
1 705140971 923693306
1 160931758 905724281
2 374360865 800287519
2 130976240 406147076
1 26563985 420433305
1 179149483 473057825
2 968455077 998528937
1 341759032 553144628
2 652452563 982728785
2 473206863 677170620
1 478304986 675876503
1 259797538 367887125
2 814278473 889342728
1 501312840 730616169
2 7280629 184116668
1 70249080 905363451
1 474474845 802506589
2 363079766 412616643
1 206917126 834077348
2 910306447 992814977
2 686621853 801837690
2 22856668 578155349
2 387266699 496621998
2 767291181 794404598
1 838386359 861456828
1 733566233 942159879
1 59881314 373775352
1 856857252 988406147
1 4049547 325060531
2 318836370 954376124
1 945318606 992480723
1 263632550 464399270
1 550496568 983221054
1 691497017 859980236
1 554105953 720032603
2 502470681 696626722
2 66111848 998956712
2 113140482 991078369
1 899104131 905230800
1 723478669 836357404
2 39270207 616949335
1 876772819 968584906
1 954280152 957900780
2 836739285 957848210
2 854838451 919575927
1 369332269 648836996
1 278993864 935578575
1 364025409 765957523
2 328580058 727638002
2 284335251 829860119
2 122765845 291246048
1 72156857 134519281
1 875864467 975468193
1 318121516 921441908
2 946416818 987374767
1 574362013 644449494
2 106822631 464423279
1 677574804 730932582
2 827886138 998048640
1 852313401 956206227
2 158961336 231277387
1 900548882 926234003
1 429882549 789950595
2 24443403 977830514
1 678323016 724964985
1 197996047 855354475
1 736767915 915338114
1 30168943 474990890
1 191657804 829759896
1 362054869 402180683
2 74350772 290642978
1 480151461 669983750
2 790102315 853426524
2 278658107 617011288
2 789980710 993038814
2 797512701 940672991
2 246687578 857635155
1 138521969 875796616
1 653171105 745091786
2 736550486 915752357
2 254271863 813449364
2 604601743 666785515
1 804827943 815200250
2 622796858 709674575
1 765079980 950782693
2 72861618 737831526
1 619466615 760719279
1 911865726 943708166
1 883343149 975980569
1 105458752 156426821
2 250851927 652589851
1 468772672 573129675
1 683694975 813628438
2 445788406 687420926
1 131702342 882592937
1 950696944 950941833
1 468282820 707643868
1 288015765 468127229
1 5781727 408525068
2 999613377 999928098
1 458987586 566120326
2 225597010 458311229
2 614429172 846914951
1 109095964 603205655
2 949238030 986870514
2 351112697 469448364
1 437097631 495377654
1 765150560 917066630
2 485721565 987118625
2 192659345 898702761
2 231322743 620284460
1 834013705 975301172
2 259565441 702319058
2 766701258 800026384
2 775348877 851746385
2 701849751 842991735
2 394966292 404111757
1 98743392 171418586
2 694257612 859311347
1 196174594 422878266
1 688888258 720544939
1 237422337 620611246
2 235566676 497563994
1 816889596 820015186
2 832489715 907211351
1 328427546 354604960
1 890203184 951629363
2 556954544 892722533
2 476435316 933587314
1 463155524 899536358
2 124040641 609129573
1 300845821 660137923
1 171016503 970988406
1 164558081 740743363
2 71877145 774320958
1 230943481 878040612
2 442366445 690224481
2 698890089 889553645
2 843996631 991624501
1 434941441 718977536
2 841098211 995912218
1 783686011 854112021
2 144016154 924009877
1 143281103 536973162
1 554102000 634176228
2 572410640 961963817
2 956569981 973063226
2 141632530 979920295
1 27953367 86121466
2 948629461 954836697
1 23471129 651467362
1 174177144 316729301
1 576972631 884171269
2 740388459 834064584
1 700876498 758398120
2 199934654 796264460
1 653753571 953542990
1 712708202 908231331
2 162393478 528245394
2 5316540 430416154
1 331922800 603618221
2 500440180 979460372
2 195462678 409039174
2 605115146 865611503
1 503366510 765043998
2 585133979 871740509
2 834325321 883777723
2 842994774 948726126
1 228744935 230104317
2 995650844 999183052
2 645296725 877822676
1 143371517 339265817
1 752303890 757709347
2 515169114 767862294
2 613308491 850988976
2 174166665 955573845
1 809159971 982887956
1 786349354 840273536
1 764285640 988011291
1 625491327 878123874
2 17254852 502743810
2 385942279 559723535
2 771699427 954879455
2 861751609 927032646
1 691720992 917790848
1 562268366 700927326
1 585939319 657183317
2 366961463 378586541
2 18177613 199816249
2 729087202 938715792
1 506629456 623476598
1 511060722 513588861
2 440306309 829009573
1 981142827 988998638
1 195454250 891072761
1 194928419 888805412
2 826383488 890888776
1 150980030 477737089
2 550184587 726472481
2 7734791 228083929
2 491926271 783741963
2 464610656 916325513
1 952489106 980085471
1 96575618 183133437
2 892106740 982219817
1 679890010 743116170
1 114290907 661371815
2 810929003 989843224
1 386456538 873619501
1 590093953 935869302
1 15694779 228205943
2 841744688 863752022
2 593295500 912000149
2 685555051 987136076
2 472462590 498714599
1 761991027 946876861
1 614561052 614986433
2 866589336 960739294
2 61908641 297206495
2 309502389 463600739
2 372464830 696946840
1 868874488 995116477
2 613213085 875834554
1 760866285 898050711
1 938871625 983477623
1 55368250 311444739
1 186382177 958483896
2 205008931 750374550
2 758851622 916350461
2 167944982 201429833
1 878921234 960164215
2 798664797 996999387
2 321768203 494477497
2 485758620 925278585
1 556704414 789959216
2 530403188 894301038
1 455490498 817364071
2 54545111 947798720
2 941126869 968618328
1 696798815 926333706
1 743174287 844266052
1 367534191 942959289
2 459771828 859013748
2 319877705 604142681
2 307595918 956049270
1 660186932 726312662
2 56942492 295545345
2 174038101 787075205
2 338944448 965666463
2 195153052 453875474
1 91686346 809548305
2 132417685 471578726
2 857751239 918318562
1 392611098 845405668
1 654415043 911281047
1 452044206 751979277
1 783529122 949205456
2 799385113 911120455
1 754750191 990122100
1 196838248 918290397
1 552216856 653002362
1 7567428 597525455
1 112378771 436888022
1 210936162 824563465
1 803249882 851920376
2 909437746 974771029
2 511093930 996929039
1 865232872 908066783
2 261857490 369784252
2 83367109 703045312
1 177539903 500751745
1 609014053 646454322
1 451302884 918471567
2 120451368 821513080
2 863609712 973561098
2 773561995 873359334
1 42590086 170243268
1 681269218 871616390
1 520234836 643626391
1 347588513 958873803
2 174995765 686516419
1 147700312 176527601
1 260114448 569744502
2 438781994 845385224
1 668213832 768048316
2 94401288 586942471
1 947700507 971649276
2 515869696 870718615
1 37200284 706473073
1 978835002 988160435
1 215182004 707580926
2 531866760 643764736
1 766896671 901693863
2 705276529 758449642
2 647240278 739712141
2 646267063 684600222
1 66288173 819044976
2 466230177 682111477
1 741051718 779553671
1 368652010 966080962
2 676889640 836453337
1 712811429 908029007
2 667731152 672569798
2 238936972 773073092
1 630113396 746150831
2 758118014 934325148
2 784943778 830174940
1 977462336 982154218
1 463960416 908729660
1 774875553 818134122
2 150958793 494146525
1 758734918 845430202
1 230896956 813366139
1 190972249 783247308
1 83273004 485185850
1 214069704 900612491
1 439064965 968674365
1 338055952 381686183
1 231827948 868982434
2 599332159 926652215
2 959564711 966119600
2 64796107 447466897
1 854228918 962357081
1 818018878 944267805
2 655457742 741795593
1 541581260 692199631
2 444439328 515918887
2 592040479 848281324
1 949490262 983212719
2 654279171 917833190
2 939152140 977279148
2 154438994 235110896
1 394452421 497173684
1 1779930 977350401
1 62782310 790157529
2 250003872 597655140
2 744635908 794516637
2 863221680 883899009
1 802770378 887041690
1 733889570 734378990
1 856016050 955673030
2 465398674 600094326
2 533689605 936300021
1 9065681 728362167
2 624957883 792236430
2 951664861 972061039
1 190754279 765156861
1 656973207 685767791
2 54863007 489032591
1 256808908 382298894
1 618207738 697290711
1 472197471 572772626
1 34174958 952880530
2 801391390 817255274
2 867751124 964269513
1 236072511 933386186
2 580746639 881283664
1 649623987 995131969
1 199557329 407340951
2 418999041 473052597
1 260339870 390274235
1 145836016 489722002
1 133686342 461362319
2 920525172 963294081
1 477380563 988276220
2 742491735 762506857
1 481094709 728959242
1 505886673 610869672
1 346867867 969446344
2 426036303 970827947
2 255338316 320988208
2 730604031 733811644
2 555407784 687723125
1 892481047 964081183
2 256351970 703422099
1 772782514 851681770
2 921119272 994718995
1 56209658 168326131
2 524589760 933805259
1 195598495 290894226
2 224346007 765526998
1 792954851 892875994
2 139105190 309298560
2 321127308 493970200
2 816013055 820343472
2 768797839 882859852
1 573373841 638235804
2 434421576 749150247
1 937675980 984733375
2 231510476 918635420
2 165972766 754100488
2 498657553 626501437
1 467303968 906715938
1 603203978 712428262
2 534862533 621910945
2 226755407 674840122
2 282543950 943906880
2 533900301 831666920
2 516019271 693098105
1 881316231 935629284
1 664563821 981756931
1 757809404 881101565
2 962866538 966221176
1 437627409 957710804
1 893866889 927568237
2 166175138 813123869
1 676460705 917083774
2 592874371 612627923
2 291670005 967256608
1 805165905 983691306
1 891005644 926180491
1 566335805 804130907
1 479561867 554257635
2 413931195 890080308
2 838525989 912030266
1 743049612 864506107
2 653456297 881397684
1 790963175 914215293
2 696015240 890932762
2 273570395 363891471
2 89549842 112601632
2 559737773 776278106
1 505813621 847514465
2 286992227 344124159
1 146366028 770092102
2 725521086 750184806
2 863100548 908119995
1 130007447 457966544
2 237433151 441721082
1 189654194 208371053
2 67681903 679056183
2 266474372 707243942
1 642518715 994713940
1 693325346 827422709
1 41162725 138325621
1 401532845 524071264
2 632151754 692778263
2 276690305 521615503
1 681823561 938685613
2 661634475 782450421
2 144425720 226679260
1 533044117 942863500
1 548578046 885616533
1 663735188 724652688
2 998699607 999721673
1 419669902 529677060
2 340656292 691969327
2 196301525 841006323
2 752358193 799935643
2 104833508 633788187
1 355143141 864747290
2 599500183 665475850
2 62460545 651389168
2 839376552 984628240
1 252136775 899110762
1 791859435 980026425
2 211022238 912620560
1 223347001 459508937
2 658835715 838307490
1 612240045 694663502
2 994876770 997862547
2 807317242 821717769
2 676764913 793742366
2 791743277 934003848
2 925108811 980449318
1 398465775 410400191
2 511663333 945902865
1 929095937 999348524
2 604132010 873150347
1 25066095 224191680
2 928344132 928850129
1 655295232 752577895
2 815736331 991642369
2 540494471 758993505
2 579971292 763710174
1 611259387 881566663
2 506363887 765611294
2 852697231 865794549
2 960740077 998927296
1 665205510 674811721
1 585744509 727237802
1 891225692 972899131
1 971769708 992979038
2 507664935 575810918
2 90923638 762684697
1 661940285 969238601
1 575333940 696294631
1 726803398 770829574
2 23340070 729276753
1 530497031 680321509
2 194057536 741955572
2 581121464 632479859
1 801737328 937735098
2 488487272 912058664
2 886379626 898119943
2 92760629 215351397
2 6476558 28525262
2 791587883 940158886
2 381397803 756400018
1 678219895 925929202
2 976345818 993384779
1 254259910 903556822
1 288275325 610032211
1 617817069 979120542
1 579002518 769328560
1 912408470 995056577
1 662525233 879110665
1 990956508 999157955
1 824699252 836774135
1 293204551 857624548
2 982121779 992822912
1 963813476 969524638
1 142978125 177855240
1 486648612 856559679
2 998801812 999667223
2 559168784 942571055
2 283330186 653212977
2 84363854 577802382
2 22386806 937137384
1 265286525 908431322
1 462084273 554130867
1 683176654 976578647
2 761435607 781063025
1 710011024 827143625
1 957320928 976439380
1 870523581 899106144
1 421046307 482824027
2 13510315 415023556
1 9894531 275655023
2 85717303 171970083
2 537665785 921984228
1 4280405 863379284
2 996596131 998768943
2 141117814 252001134
1 639354203 967230105
1 777622919 960783509
1 131817281 408142781
2 530800125 964141328
1 47870666 182226387
2 895330234 929522610
2 119705857 970590318
2 133515391 618414310
1 16103481 230077066
2 358399730 911015369
1 636166286 928948919
1 159018689 918194721
1 921120779 952864686
2 182639441 839632732
2 451309063 741060192
2 453517318 807854476
2 419750566 564645309
1 696396642 901744257
2 851875140 939123879
1 107111813 268301982
2 546515240 777015680
1 764153493 946501756
2 253424944 896089209
2 479582158 487381836
1 419625473 828895778
1 763499399 975270181
2 302520963 745065184
2 94734309 712388309
1 647741130 779545588
2 987242450 990542563
1 435751068 789173289
2 823852465 848434705
2 408758208 634078411
2 76215865 476344594
2 783824634 790501267
2 306265370 768927626
1 864281497 865505600
2 405308292 840962922
1 663734026 831961765
1 875858616 891786286
1 673659553 902254170
1 433295797 886393858
2 52639187 154167261
1 596698755 844444918
1 809547427 901304377
2 471260561 825723808
2 324436200 896191610
2 859071967 988438226
1 220696194 272891699
1 738666683 798082149
1 77469327 125901591
2 459157374 973266695
2 824207426 951010760
1 811701041 883895195
2 110242226 734081839
2 385699538 717583752
2 818175359 933493559
1 16394337 327622339
1 509800802 775189145
1 387037361 547119128
2 68216203 544012090
1 423017291 740547737
2 313406222 682748734
1 936160343 963640950
2 446879121 494512807
1 373223416 580758754
1 438982044 855228959
2 584831388 884903346
2 580399168 965550474
1 292869445 310497461
1 357162429 500613115
2 216111265 670990652
2 676811257 713196485
1 324101580 963669793
1 701416738 781586991
2 617061577 749240789
2 723900596 863449302
2 649917889 824443849
1 136047558 138833751
1 400486033 741139408
2 800996837 889783930
2 22677330 27026650
2 427238723 840564484
2 692068242 732256554
2 686449841 854686155
1 533741568 956958246
1 697391417 877480841
2 963514646 996469992
1 843517238 946087932
2 924428343 937255023
2 247737025 936068793
2 419084646 677475853
1 523301216 980754462
1 626082146 890996799
2 915296983 974196877
1 738140743 973342588
2 357802591 763442846
2 196348888 397212263
1 901121618 905139773
1 208665177 718579750
2 410672293 806701698
1 115311264 131024672
1 745537149 958699078
1 86711771 712967680
1 374584297 877907839
2 306066873 760548076
1 599091246 767296631
2 751540974 760449173
1 648014913 885320247
1 956654410 982633183
1 344886454 737944812
2 728005545 900559641
1 854795838 982841532
2 824887381 968265880
1 670029681 827071627
2 507238295 692165631
1 465105981 855128923
1 329220960 593721771
1 302329663 990825167
1 43396750 653959281
1 193053354 989501906
1 253442958 621098934
1 533182609 559878715
1 619056854 957399529
1 852862344 952042205
2 937975288 954117626
2 145446753 227828178
1 130959244 747875572
1 809344353 968856980
1 787655091 828235432
1 6293128 787156013
2 13086341 991639039
1 154146933 257495214
