78
64495 -21980 -93744 28729 37380 11096 7093 10887 -29047 -18805 44875 42771 14366 -7682 -31037 -48920 -60813 71731 -52929 -84784 2315 -4042 -72993 -52839 76434 8980 -69746 -85618 -46868 21080 -15961 88354 73157 -36886 -21616 -74250 -65175 -49881 -79212 65859 75941 26511 82443 67095 -72142 -87589 93529 17528 -72686 -74052 -96597 -80611 52963 -49582 -56150 15905 11543 -83540 -4457 -17652 78848 92262 27012 -60255 -42417 58315 13221 19745 25915 -81301 59455 94745 32939 -76500 96117 -2286 90990 -40048
86042 78975 -174 -66715 79685 -71469 68230 98139 37215 -76008 96629 -51728 -29854 38478 18126 -4795 -62158 89930 61709 -32930 23094 -14438 4844 99584 -67335 -2030 14727 -15789 60824 14666 -77996 -1252 -14244 61136 -83564 18090 -12950 -71882 -82669 37967 -90655 18129 -92213 23390 37071 20840 18583 -60269 57060 -48875 -91778 -52906 81461 34414 57876 -77205 56882 98507 11868 55603 -79838 -34166 24390 99034 62762 75378 -89240 68742 -15192 -14597 -96972 -31635 -10196 -3353 7239 76724 -77086 53569
-8862 63406 61125 39397 18373 50990 -93880 41971 95289 85533 -61848 -87822 34595 -86391 -84674 -43524 -24770 -94727 55341 -85214 -69280 6226 -67764 68272 40893 25378 -11063 2983 -10018 4029 88895 -3764 -14090 58937 27293 -66922 -49966 -25717 41220 -81639 -60297 4726 -28086 8375 57075 -63904 64774 50692 24898 -92087 11088 -19958 -50750 -78187 -76113 22019 65054 -39643 52496 -87005 -74758 46362 -42763 -39172 -27342 -58665 -38175 -85749 69386 -25468 40063 65385 -63484 20398 -22600 98871 -82955 -97712
-57641 14606 -98313 25261 -24672 -10706 -52754 4824 -68199 -76122 48719 -60595 -19034 -64547 91213 -71341 66132 58348 77281 -63029 78106 -64011 -71225 6085 47200 -43030 -76469 8949 11721 -53021 -48518 -61606 5536 -90326 -95714 -47415 20673 -92110 -604 -33447 -77781 -5217 97566 -76037 93403 8040 51871 95243 20118 53700 5999 61042 5324 62873 -89247 -89204 -6110 4880 -63202 -92927 -99513 -61646 -8223 -55657 1847 96563 9723 -13107 -20520 -62831 69312 6634 92328 -70705 36481 23075 -34349 -28356
74685 -74750 -63912 90109 31521 -56957 -28031 46047 -97551 49830 22930 -57355 77628 39694 69811 -78344 -29279 77857 62885 -22612 8827 -25649 -52888 34247 14984 -87172 45641 33386 -17133 -10335 86666 -26731 -94687 -92282 -96092 -1188 -25036 -41183 -16915 7093 88033 -10855 -29317 -56679 92527 99896 41474 14496 -95999 13423 -54630 -22170 -66803 -737 93032 -35082 -65983 55426 21413 -52505 -72915 -41263 38590 95359 11270 -79520 89911 -15647 -61260 -79748 18515 -30163 -55479 -11550 79146 -54005 27786 88908
93071 76039 2840 -51177 7334 22339 92802 95540 -40378 -91143 67075 37811 8231 31315 -6965 -18592 98275 91676 -53074 90349 -90486 92866 80269 29102 -29694 -27859 96473 -44091 79530 24052 75980 58562 -40314 -63978 47750 8402 -5262 95365 -45985 -80164 -61474 87299 -43759 54606 93322 45254 -2773 85362 51273 -85670 69065 27054 5482 -96923 -953 -35024 -64212 -90607 7394 -556 -77030 -93330 -91922 -69666 -55396 -99984 -86173 -39208 -73428 21578 -45400 96765 -71924 -84236 34789 27899 93558 60006
99859 -7302 89370 -8235 -35720 92329 -52262 32040 -46926 -43227 83688 -8633 -93721 -10849 28737 -56264 631 -89241 -79245 21527 60359 -2399 -58070 -9059 -851 23676 79620 -24647 8652 76161 -85255 -89432 21561 -56290 -7633 70071 -57333 -26705 -52278 56139 37434 98185 -15760 23941 -35017 -93398 91239 19438 -97818 -42583 -61770 -82953 58171 -46186 -67181 59010 -56661 -20891 -22420 32876 -28232 69015 1155 -61052 98582 18835 -99842 51084 -93901 62586 66234 87306 -7114 72956 55251 49615 -87921 94078
-40981 -41585 -24887 70411 34119 -45413 -58242 49752 84534 67584 57787 -76309 3272 79305 41011 -98250 71976 74944 -90052 -54525 -85325 91796 -13837 -40734 -70049 -10214 -90306 -3466 -9812 56572 -42952 -93007 -4674 -45565 -25892 31981 35832 -30329 -34575 50660 -53556 -48833 -77117 454 90088 -75503 39141 98623 54689 51881 23394 -66671 -16481 55690 -87961 34704 -3471 49009 -4081 59586 -25333 -51664 15270 57175 -38268 61529 96864 -57070 -62056 36453 23769 -55517 -69149 78753 -9679 73011 -33161 46769
-5915 24876 -56919 -23689 -73521 44284 24603 37563 -82216 -27426 53391 51800 -73061 11706 -7507 -66167 91045 -96744 67003 -40229 9377 57199 38804 21171 -60533 9023 79815 -69982 -44110 -41660 13164 -14519 73466 98540 -31260 -71209 84005 -30268 48614 64802 -10167 -50466 -34020 -575 39678 -41156 -76093 -31820 16679 57151 13030 -29968 86806 -86949 -88747 -5197 -71215 865 64378 27178 -86125 9204 47326 64976 -34839 -60377 53080 -67417 2960 7016 -20274 -7764 20644 -67369 -59623 1267 61747 -18565
31743 -30702 -94083 -19030 -6589 40461 -80960 8353 31284 -99725 33079 72173 -15955 -20554 13775 63497 80845 40483 -32662 93781 -92262 -16843 61126 33151 -82475 25322 10773 -11407 -8412 -12797 81885 10903 91834 -37626 -16719 -81897 -19649 -98529 -48903 67650 87808 -81339 83650 90969 -21184 53587 94741 -11095 62463 -48553 -94833 31965 -32213 -55762 -31399 -27124 65377 -98231 -95846 -79924 26316 97389 93364 -48074 -46232 -31050 -83832 15252 24364 63240 71509 72373 8455 63581 -93406 34835 80464 48674
18940 91393 -18933 -32783 58141 23141 10164 2380 -46006 -59924 90863 6024 26873 -99119 76530 -11513 68097 -44585 33117 -61796 -46035 24094 -22169 94162 -18962 -70032 -89768 -34082 -23556 40107 58647 -91899 -15302 -17867 -23463 35848 -28266 98379 15566 13377 -14444 60529 98132 -88033 -632 -55329 -84755 72179 60746 -25704 -56483 -75102 -88154 77001 5913 -70313 -45260 63595 -65613 -78346 -26807 47381 -86147 87738 15463 -99073 6813 92303 -19722 -24237 -40911 -70914 -53713 64462 48813 -8706 12955 27584
-2560 90662 -97635 -45771 -41163 30811 -67780 -35411 1609 -73191 -95977 -33528 41355 51929 -32844 92331 -81927 25845 71616 -10799 -47884 53877 -24655 78199 18476 -84913 90633 67704 -48426 76318 -56481 6092 -73092 86837 12337 -85816 -9698 45453 -9221 -52946 99323 -45391 76014 22702 -44462 60523 69729 97002 -68942 -43043 85491 -24070 -34225 -30928 60227 34240 77735 -10763 79466 32466 24383 -26349 82441 -61130 -50076 -3808 -39310 5614 96843 35962 43322 -88241 73718 -1387 68479 -52820 65360 70032
45661 63814 98260 87851 97144 -24654 -30494 -19798 7811 -63620 6176 -51348 9066 -14370 38191 -36879 -26529 -58885 38328 98818 -82201 30269 -96643 88017 -63513 81696 -43962 67690 -94811 -1533 98886 10682 -60099 15566 7630 -74822 99948 -94279 31224 53299 -62090 -43740 40013 15509 5869 -90253 75167 -43117 -10003 -95085 42368 -94486 -57472 16628 68027 59801 44435 13103 9287 99195 -50791 29333 35642 -72625 54286 31735 -16169 -25576 -83223 -63634 4409 -12462 23375 -91189 50603 36099 -62180 39351
12822 90997 -53534 -88365 -24787 38445 17409 42162 82357 -8295 91631 -33515 81203 -80748 -13338 -31283 5626 63158 63264 -81886 -63521 54618 -37353 -34305 -63385 16715 89934 -63330 -43378 -65881 -30907 19777 36024 17095 -72786 20120 42758 68637 2891 87058 -35040 23272 83763 -6776 18869 46127 -35682 69173 1889 6074 -94450 79913 -8500 -78760 -64947 89225 56217 -70096 50563 -39779 10178 96853 97036 -49309 89011 -69731 52698 56586 -23561 17637 -34259 27110 -31507 1536 -79450 97522 84307 1619
-53913 20908 84067 -11767 -5912 -80861 98673 66138 -52306 -1975 -19798 -11959 -82907 14965 4591 -48772 -47863 42911 -10328 57706 21047 -51726 -35146 -96822 -4966 -92360 6893 -66529 72204 74576 58304 45605 -39314 -56938 -30536 68037 -11086 74923 -41653 87854 -49285 55507 -66221 -90299 -94827 -47859 80367 -76468 -85385 -92540 -41452 64634 98400 29866 -14869 -18040 94910 -99535 88045 46332 -97015 -47480 66007 -57215 94112 80470 8095 88654 -48643 17634 -31689 -63061 -61566 -57112 12207 14028 68102 21433
-54422 3372 -71302 44180 93196 57572 85660 29900 -30952 97621 42991 -38265 -85290 96674 74752 4070 -14510 -54513 -14344 -14048 -81896 -32953 -90857 75632 -68321 -62909 -19638 -89258 75950 20367 70547 -97910 75692 14740 -11699 95483 -59261 -19514 -35659 -54987 72784 -36913 520 -1626 88735 -80684 25519 -82262 -79716 -61879 40251 -93367 -60410 20989 -16714 6204 -86894 36477 -13818 -43174 45207 66934 -63102 -66000 79294 -99025 -49344 43330 25187 38297 -65954 49931 37639 -88527 -51057 83760 88000 -29344
-96951 96816 39981 28520 60999 79480 42671 5996 50677 53911 11560 -48874 -74689 73551 77467 32388 38229 62241 31467 -71237 -38366 -89586 53335 -79785 6740 91795 42472 67451 -99227 -72865 -95760 93595 -41099 62982 -61570 94810 -85809 -98248 25052 84702 -52767 -39309 89809 7294 83926 -31411 62005 22717 87115 -43504 -74892 -52564 30260 -30306 -59604 -42506 -90923 12120 -59716 78035 -2933 -64477 -70230 15066 -82021 -14119 -40369 88039 8371 -48256 -87157 73895 -45135 66151 85342 71261 -9103 -89203
73057 21911 -2607 -10757 14435 -87913 -60414 -70076 -98445 68155 -39858 -45673 50157 50610 80738 -19397 -82138 -2367 34560 53440 18062 55592 87593 -13943 95466 -88422 -52632 -99248 82804 -56231 -23910 38613 -2760 -51540 -3291 39810 82829 -10851 58617 79205 -67673 -79196 -67879 -9614 79712 -62526 6475 -79152 49532 77136 -25742 -7733 -92598 13867 13360 71357 -1209 36168 -69346 -32000 -2833 -14334 -99933 46680 -95614 -42119 -38189 54779 -91485 -34359 28415 16350 21099 67670 -81031 -75695 -9049 -80043
-40290 -24569 -57116 -39547 -56635 20724 -30635 24164 -3728 -24334 55846 22426 38679 80525 62263 -14455 17943 89184 -42413 40783 23013 2909 11470 99816 -98152 6172 99040 60736 77781 42720 -37115 99603 42416 3434 49616 -43279 11234 -92068 24634 -41572 44516 -89515 26207 80908 -5747 -78572 79166 93642 12573 88116 -99624 64520 53345 64610 94619 -40670 5953 -9054 83942 35196 90710 -32839 48530 25113 -7269 -91324 -80159 38247 -81312 14162 -69760 7100 -91983 336 -71671 -46735 40378 -92449
40376 -82978 -15068 70622 58294 -91248 -523 2692 -5880 65982 67912 89248 -17939 -90115 -44341 69070 39007 53974 -8981 -82904 69498 20654 3216 -32143 69102 7595 12215 -18685 11056 -37565 45090 -55672 -46698 33811 -26919 -28574 99115 48398 55614 -17435 28028 -32900 19349 9834 -14401 -37730 -89967 -6898 25207 57578 93311 -13342 -6541 73825 -42399 41830 -50243 51163 12810 -34901 -96067 57813 72103 -10658 -82191 45210 -78773 47104 -26394 -11859 -92686 16819 6331 65357 70277 -83756 29729 -12158
7499 -14592 36836 -61937 -84810 93153 -2834 -74645 -23192 -7681 43266 35365 -49287 -45472 49985 39042 -62194 56689 45453 23532 40984 -38920 12886 51161 69282 -29024 -13021 81112 42873 10433 -15874 -35819 -8653 -49837 44056 3029 54360 -12683 88704 -94348 -6678 5317 67230 -22735 -52870 -40285 -17161 -33658 -7945 -6539 -99073 58168 -81330 48069 -72408 -78620 -94190 -62920 43647 85357 63332 34154 87448 60431 -93265 1610 -95200 87081 23215 36299 196 -40679 77237 25890 67905 -91776 -54700 38759
29861 35245 -5782 45235 -23011 -4078 97624 -54623 -40657 64053 -16991 -66361 -88197 40373 45023 18412 87307 -65005 -2048 -17387 -220 38421 64704 -77782 38207 91145 -31692 -3675 -70315 30237 -58626 -58253 98901 43295 -6584 36503 24961 -62690 -89207 -97687 80409 21606 44302 -60708 -75542 -93444 -99880 -55751 53301 37261 52035 -87277 -12718 28403 28173 -90220 82563 -12827 85599 54252 99469 -89154 21448 64186 -76993 5162 -2233 98003 -39815 -550 -50035 -32994 73953 75630 19828 62642 18483 -48269
45274 -47081 44512 69993 85682 -96917 -29361 -59313 95933 -58448 -7078 94196 -15173 -41983 -56009 24409 89274 40096 -60814 11974 64656 -23921 -65758 -40146 -65733 -56515 -681 -30535 -54844 -58841 61555 11406 3100 -56698 -91066 -5597 47738 34390 50389 -77503 41728 17251 41493 -54493 59578 81403 -31201 -87855 91191 -76404 21641 97780 17598 -3524 -2028 71953 22359 70765 -66731 80988 51110 15138 41584 -98524 -80393 17339 -78138 7130 92944 -86032 60332 -42279 -55380 -2523 60550 63116 -48952 -2343
13250 56503 -87511 -13234 92824 -28357 -59886 -4731 -97567 8431 -17057 72851 -96060 -17913 -86403 -97062 47125 76572 75019 -62505 -52841 90474 59713 -12665 -83462 52458 -5232 -38307 63326 10895 23045 19248 -93305 33228 -51371 18379 15983 59793 97541 -2932 -25325 4704 896 85173 66789 42285 61782 49374 21303 633 49950 79342 66736 43540 95059 98811 -30183 34716 40382 -87936 53832 -89871 -78117 45455 -79746 27210 39394 61939 -29404 71434 -71213 -1099 -87279 -19959 -77046 67576 92184 47988
-83634 82343 -61936 -29654 7028 -76159 -80245 70881 -92953 -80806 -2367 54118 -32182 24322 54823 -88379 89437 -62553 15619 -31006 -19109 -67937 -31075 -29369 62586 -15619 -77631 37804 36337 -14389 43101 -99821 -91167 -63064 66434 37897 -5067 -15919 -78245 42114 -14032 -87755 -42781 11164 -46182 -24925 44376 28878 -85925 53649 -12048 16902 -92155 -44570 -88144 58234 -60223 -3168 -95516 75676 63110 -3568 11277 52794 51311 8907 -79000 98315 17420 -74391 -14217 17248 -71341 -23912 14227 19381 -50251 83486
-39599 -74849 -18659 22668 -48871 -57625 -73638 29577 -37831 -40779 -87917 47398 -12301 -85644 -953 -37823 -58111 30083 29695 41899 -32840 44421 5058 -35711 -12590 -12960 47971 -38321 -50079 -66767 -63719 -21290 68513 -2004 32136 -87509 -35167 77641 86298 -99555 77124 49950 -13932 65462 -11712 -92787 -94940 2732 -389 97263 -62334 -43128 36177 -97203 -20620 -3559 78436 17146 -20802 74379 -12846 82399 -63389 62608 -46884 69489 66844 -2041 -42741 -52042 37370 45305 79881 46956 75607 61087 -17993 40166
-79850 9338 68501 3818 87474 38484 14766 -89711 -52408 29011 -77917 -98322 -33545 -82011 -60933 -43176 -89353 -87359 -73202 1459 81051 -43655 -10379 -73383 -17162 71793 -79978 20225 -85199 -39778 35961 -71608 -5562 -13493 -98630 52087 -79567 -70278 -43 -45459 -19062 25227 5036 48861 -28045 -32387 -78727 8994 -20119 -35077 14394 54385 -7524 57542 44754 -6078 -19391 -63248 85213 -88800 -80119 -275 59334 39002 39813 -33497 -2497 66493 -94473 -45050 47538 -477 97637 18003 9285 -33058 31386 -43372
71949 88476 -69547 221 -71205 69560 -80208 -9519 84924 -55460 -25434 47085 70202 -86491 -77961 93231 89428 -86719 78600 -60859 -54494 -65913 -14785 -47339 77705 89592 46505 -60957 72667 78291 -87595 -81312 -90740 -26361 27231 -15016 -64745 -47286 -6213 -139 -3676 -74486 4959 95437 -89105 83812 -5431 -65402 -96039 -68878 -18991 -76711 -63526 29192 -25512 70283 -98025 -6043 -12405 14891 18600 -58665 87991 34407 77988 79609 85918 35746 33445 -16588 44364 86028 13335 -23124 44205 16925 -43989 -51010
15096 73497 -12646 -96084 -35107 17721 12020 35974 -11032 -35270 -67595 63220 -85078 -70388 30726 74379 -55599 -35052 -44639 -57952 38997 58252 -69999 79424 -71578 24823 30993 14689 35803 18723 57531 53800 59678 -39719 -1863 -77691 -78057 -39777 -74272 12261 8511 -62675 15748 57127 92785 -17106 55863 79332 60561 -66677 22902 46395 39707 40300 99942 -56548 -12972 75110 -10992 -80057 26672 -90368 -37043 98886 17021 75955 -73895 19112 35180 -97967 -29293 -40659 -18709 -36689 43883 -15894 -4258 89950
-50878 61572 31037 -79790 -59095 -75244 -74115 94436 54369 -17584 83572 53541 -78367 -45512 5768 27501 -93990 81636 -79909 4412 36915 -41274 -60232 -63624 74525 92719 52015 -21724 -26459 55522 -63542 -40399 72664 54512 -47823 -70690 -68487 88233 49138 -96533 -4163 -52028 -63226 -17222 -37276 -23336 785 18675 -46546 -80736 79616 54366 -24669 34226 42835 30012 -12443 -8230 59832 95701 9882 -31823 -44309 63899 -40548 -76594 -12444 61412 72176 92180 -45799 -1679 89485 7604 15687 -3136 8948 -88497
29301 8365 -60969 39601 -19715 -7376 68192 61594 93741 -52025 -57281 826 -50934 20929 -48086 -39493 81866 69316 -48366 -31833 -46446 -50194 -37197 -35455 84903 26658 -97105 -55834 -9944 -88225 60384 -65448 -76092 -2222 -54886 -67491 49781 4588 -35652 46639 -71928 -46011 -90147 -91068 88747 2881 -35913 60724 65299 49014 -16232 60439 12766 46554 88655 -23089 -30363 -88664 3165 -80585 -62474 36954 -58834 -52985 87899 22606 63419 81497 59836 -90344 57396 -33991 72551 -53206 58720 -25304 31904 -50064
48288 -44302 -61378 50574 69613 -70833 9428 35283 88245 52099 -91740 -99760 -45366 -45430 82632 40589 -85489 -18547 -35194 51905 -46357 -61417 -3275 69709 -53885 45444 13469 1228 27966 51830 79236 95437 -59432 -85728 -56719 18623 -54552 -31928 754 -48032 35874 -85451 -32537 -87668 72264 -55063 86590 93690 12581 -12510 -17057 279 72331 62888 -79617 16172 -41752 -30276 95539 -24313 19123 53775 32253 70558 5841 72127 -61083 -81191 87428 -39209 98224 37893 3644 25046 -41633 -1556 -41749 39079
22751 76681 4529 41631 -62549 -8020 -73469 87458 -4822 9511 920 -10266 -16859 55941 -979 -88012 -83209 -79932 60081 67083 10211 10698 61356 25489 -94223 7069 97590 55943 22188 -1387 93346 7571 -80479 95892 24605 -11160 13732 96160 81004 74106 16386 23495 -97350 8928 -52026 -42167 59310 -65480 73688 34178 93907 -98298 -56092 87646 53074 -55966 72844 50461 -564 31402 41684 76516 -31933 5491 -24602 61783 64710 -84669 -49142 -53338 12909 1498 -85357 70478 -2970 -30871 -95230 -2994
34835 24125 78286 78631 38966 -42633 -91269 83821 -73144 -43748 -26666 -72075 77277 8948 4256 75496 -11040 -35551 71395 -94436 -1444 53275 10460 48223 -22870 -30226 94327 -47400 4865 -31838 -11728 -72856 94449 -61257 -9245 -70238 33792 13320 40611 -32301 63897 -55501 -57462 58455 -19834 41531 -53990 37574 -55519 -89498 -67907 61521 63505 13890 56113 -29150 60922 73815 10064 -64460 49010 -91007 49888 -36763 5643 31124 -66553 88963 -58526 93822 6854 -95175 89638 49633 -13244 -14862 90898 -89268
22091 -49837 52263 -33889 90689 -33664 33739 -42355 46539 55763 -14847 33472 80952 -71930 39613 92897 -1941 -31089 -15603 -93690 5550 24482 23549 11746 39714 -38219 -19221 -15158 22605 -62562 47101 -25533 -47897 70623 -5995 51569 50785 -38598 -90557 82277 19149 66624 79526 71176 -56351 35716 72389 6311 -94250 -97399 -8188 -59403 -25308 75838 -95105 -31250 -33533 -60347 3362 -52525 27067 31334 -86275 96267 -84466 18270 51784 28320 -57268 31877 -29553 -72318 -66020 70110 76963 -89383 -37473 -62261
-6956 16882 290 -971 -52437 64717 96316 16159 15520 561 20842 -34515 36665 -22780 -50259 66950 -71055 -74731 47530 53516 64332 27711 31690 13151 -34331 -51965 2326 62324 -79748 6678 -18605 -9837 -32279 55468 -65640 46842 32971 -53941 -21196 -59959 71762 3791 56419 91619 38851 -93140 17628 52969 -77442 -91439 9669 -10753 46348 24144 -91796 -9673 24963 46416 2099 -16583 -1914 37691 -11869 -1385 81191 -39338 -89368 35119 24788 -78740 59779 74323 -11197 -49730 -95469 78405 99920 -55536
50549 26560 -57756 -53337 13699 -89567 -23973 88340 -82824 -54344 98388 -32074 -25576 -61794 57064 -50365 97111 59238 75493 -94227 26417 52472 -71094 -39923 77175 21038 4061 26935 31172 -29772 50373 -16732 -81244 50745 -35531 90421 63964 -4718 -46815 82552 39279 -48072 36354 -70016 -63775 -71831 90381 -52568 -90453 6300 -62787 -30616 37549 -96467 31704 17307 -91220 45476 28811 -89855 75285 74294 93398 -89488 74689 -6116 -47207 64345 60255 -59418 -46941 63952 44980 -35263 63227 -66897 -38635 -65287
91037 -1449 -76300 -77340 -63418 82001 52099 -75521 61575 -58900 23802 28529 85123 86056 97364 -35669 -22740 -26098 91649 -16412 53847 50097 61488 6020 97176 89050 50334 -16821 -95361 92683 -67279 17478 35493 -52777 78673 -36009 80139 85202 -42372 93344 75921 60079 -87642 44531 25080 -56740 31630 -67409 79907 9789 66462 -34507 -66125 1892 -48345 35231 -33919 -46442 -52773 55869 52075 70640 -75104 -22033 23217 39629 -53658 -50855 -30556 -71136 -96752 91047 97045 -7409 -34866 99645 -75829 -76353
48862 -82546 65794 20015 -55088 -27723 -38006 55493 52589 -76102 -36961 86902 34363 7421 28893 14857 -13164 -35663 43492 21407 -37528 88551 -37479 2846 77740 -72650 -77526 81208 35604 30474 -64992 -89786 4278 -99197 -10325 -71683 -97581 9401 -23523 -59492 44153 61327 84834 -28113 -87228 -84016 25758 -26267 2589 80579 20269 -78947 18641 15242 -90084 31112 -34087 -15095 -45632 33470 54436 11550 83058 19070 -7736 -61590 -59571 -8930 58898 -36109 31530 76322 -1987 -68332 64622 13616 48339 78050
49794 48061 45292 -86431 12845 -46929 -8187 -11150 -42523 -46076 -7452 24255 -35019 -54157 -75689 6525 -82946 -33451 -96935 -21023 83986 -17313 50031 33135 -3612 86516 -62387 -93213 -44300 -27643 -49706 -97712 50332 -78639 -49479 -45250 84151 68478 -90907 48081 -99543 22961 71849 -13139 29519 -38641 -879 34396 -19358 12836 -55209 -91891 -95670 -12587 -30419 -3728 -87695 57599 -31491 14681 -54931 20722 24162 -19212 -94785 -93458 -15149 -3117 -86403 2117 21371 97095 -4629 43152 7596 -87834 51461 98270
31032 84039 -84849 -91053 30462 -30484 72772 72817 -3031 -80892 73699 -82820 90346 -25439 -50664 72569 7648 3185 65466 81802 -48340 24799 -18002 25053 9790 -78243 -95190 50101 -79443 -31464 -62163 24607 97653 -85378 -66999 -42952 -69082 43935 -19289 74205 -33621 -81861 -49311 -21077 -31593 61306 39669 -4974 31782 -21762 45514 44905 -29672 -34110 -44462 -74371 59805 42655 6780 26366 -95592 -94897 -98007 -31808 -98869 -99010 8229 -90164 22720 17675 25532 -6526 -9747 11131 35563 39552 75261 86400
-27690 39794 -87201 -31129 -51227 2705 -78474 34828 41302 73363 81738 76490 -30735 91689 26239 -63754 63736 -97620 17903 12951 93890 -30547 -51612 -32489 -31204 71758 -21350 67784 -63091 75743 -2805 16463 -44966 13448 -40010 5391 72273 -819 -41194 8535 -84081 -67403 36903 90904 76484 39068 -57910 91144 90061 45477 75465 86502 -51512 39671 -57630 -95896 48689 -85019 -78120 31649 79574 -41222 31548 -17698 5791 -75762 -16850 23448 -92352 -89203 -24386 73791 -70992 -7259 94349 64952 -51756 86744
-38878 2021 -91058 28603 -42721 34071 -26663 -19351 -38224 -43191 -33951 58394 -53601 18234 62257 -60832 47611 -91091 73966 14387 37253 -7897 -59697 -48551 52808 39723 88225 -56978 -28951 -2439 18849 41775 -1674 57148 8398 -7276 89780 76135 -60148 75154 -82814 -13697 32874 -83748 8849 10286 -14509 -25330 -59142 -14587 -6239 -27613 -32692 -22400 -59174 -99849 -6959 76808 68647 45993 -95404 27922 42596 -71596 -17638 -7801 31096 76586 -41099 57396 9280 -26243 -77813 22449 -46224 62692 -54407 77035
35366 -28455 -49490 -8725 5601 81876 14917 -73883 -83623 19802 -41099 21624 -82236 71751 -90438 30550 -80459 71023 59162 -74531 -11346 -89484 -60374 77875 56817 97793 -49454 -19685 41658 -80379 -1610 59117 61492 -20926 -49792 12244 -53823 51728 -41858 -21260 8811 -40575 52572 -70865 38712 20955 15116 44326 -44068 75680 66840 -79426 -94026 -31854 76082 5441 15784 -96704 76482 41997 12034 -53170 -84591 -96986 -57908 -29123 62560 81343 12541 3575 -8638 6593 -205 96040 -95046 -93463 -17857 30812
19852 26167 173 -45386 -24256 -97658 -31975 -10168 -79278 -72854 84550 51379 98136 -49921 -97102 -98 59551 -53163 90686 -44243 60074 53510 72832 90322 -93637 -97649 -77085 84969 69990 57530 -2158 -58493 -21006 43784 -93606 41102 93906 -88993 90797 47207 82491 -86123 -39962 8979 94338 78876 -65570 34137 18700 47054 -2200 -15539 -78225 -90436 33030 -49402 -22908 -4263 66758 -43990 14341 95763 -76680 27121 58833 75434 15329 45548 -42208 52441 -80568 43126 -77831 -62749 -70170 -59114 -44767 -98397
-14340 -15733 23571 -50012 -86806 29409 47369 5817 13209 80640 54434 -1811 -11890 57771 -90632 63450 64171 5177 -19103 44612 -49201 -40823 -36314 -9944 79171 -65328 -94110 -92648 55724 22350 -14177 44120 -16473 95165 67730 55530 83308 75539 29056 -47672 62444 53621 -86612 -19705 -12424 42534 2744 67287 -74915 -87896 84688 83522 -13302 -71706 -96853 32722 9959 45426 8415 57530 73986 59518 76075 -90394 -82099 -32173 64711 -94560 -62559 20629 -52516 67572 -47526 -49482 -33271 -67145 6310 47149
-64610 16966 -20604 6909 -40145 -95309 70087 -94174 -70224 56074 83317 71064 36324 -56064 -98472 -74972 -95686 41976 -79245 -48194 -18087 66130 -42587 12290 -17198 -31871 4389 -63370 22064 -90920 -64089 85896 82231 -34732 -31445 -49408 -98802 86270 -13352 44781 -60143 -97805 -44268 -79718 -93375 18566 62079 11692 86389 61461 -55766 30045 -42548 62239 -6374 59464 -22046 66104 -35520 1361 -62094 72128 -19682 14228 -71569 76580 23540 99356 49335 35555 -48413 66011 78850 -5976 92190 48657 -83397 76177
-98240 15054 14187 -85737 -83454 28244 -15233 -71576 -51049 67371 22045 -67769 2269 54013 -43860 62827 -26943 25088 -43694 88117 81968 39024 -2544 77679 -53021 -26396 -45308 -96470 -49997 -78487 -38571 85052 92493 -6254 -92905 -32230 -32020 -17655 -5033 29140 -21086 -51475 -28903 59253 -89617 10414 -1385 -38122 82310 86557 23212 -75892 -41298 -30089 67217 -17375 13926 -49620 -16470 -10265 74704 58402 -24606 -9235 53732 96122 -67112 5887 94596 -50994 56160 -16485 -530 39540 43854 4945 70775 95696
56281 -53892 28734 -86798 11752 74949 -62469 -22861 20555 56186 -60569 -41426 22035 68213 48091 -64532 48470 65735 37173 60850 59798 40851 -76551 48121 58446 63885 99873 -44560 -57038 76768 6380 69782 -96931 -95957 -44036 84536 16379 -10485 -84246 -48544 31934 -5879 9341 37932 -6582 -70597 47645 -15196 -61126 -599 58892 68603 -40949 -4817 90529 54490 -27648 15532 -58632 -37641 -97509 -20260 -47917 -57086 -25048 99485 -84742 184 -7328 62082 30093 79074 -94528 -82024 -91932 15047 -8687 -15914
27691 10039 -34692 -13731 -67821 -81568 -82385 9222 46726 12206 -58784 32451 47745 -70549 88030 -32977 43455 -95448 -70510 49090 -17237 66680 21047 -87193 -71060 99707 7016 -23707 -12238 15484 81418 40318 81459 -82231 81390 28688 84416 -85500 -38283 -31504 -86049 97927 -59433 -96969 7671 -37496 -73980 -55108 -4336 -9793 -30466 23625 96259 37644 -19938 95208 65862 -8192 18679 -63906 78815 -6178 71065 32343 -74603 78405 -75319 61678 30665 71213 99871 -26810 73100 -42280 44509 -76725 -45157 -71868
-42175 -21688 -3844 75075 19766 69562 14944 -28829 -77696 -54565 -84360 11426 -56386 -77801 -27226 -54847 67857 -46791 -59134 -96591 25692 -87157 -97906 19966 -39897 60858 -65393 64202 -26875 -47712 40009 -28623 36901 91065 -3056 19887 -52791 79120 95470 81057 -29584 -49762 69675 61848 -7629 82496 -12264 -3556 60564 41619 43173 83649 -21479 53293 31732 -45964 77347 67618 36788 23785 43907 98432 1442 43912 46654 -95394 -67266 96146 920 18804 -66003 -37681 -41252 28134 88120 17253 -33668 31975
-74622 28895 -16957 -71745 57213 11407 -30722 27552 -12204 -42661 -49691 91557 -93846 -89921 -93933 19273 -33949 -1246 -89320 -80521 72322 34991 -25896 58836 62600 569 70445 14321 47566 39706 43224 80170 62575 4017 21734 -55619 -3423 35321 -83790 -22011 -65790 -47396 -81245 31059 85213 2071 58966 -77004 -31295 9321 91987 14891 -11431 73339 -80639 3204 89714 -60768 -30500 69407 18839 77971 -46017 2113 -85238 1726 27119 -15833 -11919 -25954 -9870 35846 -64593 -48722 -64450 -54907 -40144 36756
73823 70266 -89816 -16961 1397 -69915 47718 -68808 -64785 -23336 30887 7391 -70877 -99965 33927 -33183 -94807 49339 32426 63886 -72425 -20665 43730 -45756 5089 -21977 49979 -7050 6444 93573 -4771 73252 -70131 -56781 -61636 -73676 -44611 5882 -3321 -81417 30059 -61472 -15803 -12504 41683 10956 -6638 -17240 37796 98908 59239 59173 32382 -22785 94653 47065 -47125 56054 -28887 89852 -35942 -62641 84108 -62412 -37956 -75573 62624 20421 -57482 80418 21538 72553 11476 -5367 -6214 62930 -60932 -41060
68477 -46749 -27053 -49210 24794 2538 85198 14278 -92963 94669 72918 -60016 -17795 -14648 67306 61664 -59453 -18838 -19672 -26347 -19657 -2811 -46814 -77220 48 23994 -94379 -57124 -25039 89916 -33572 -70671 -28986 27331 -81304 -45928 -35865 -93683 24210 -90938 103 -35347 -70813 -15669 8171 76928 -8131 -82964 52698 17869 98365 63165 -57993 65415 91559 -56287 -77519 48678 -7906 23204 -55217 -76724 -15290 -63263 9077 -3186 -90376 -52008 -42453 23726 68614 41745 91616 67990 -11219 -51600 -33196 96871
-79580 -71597 81465 85560 13000 -64319 52400 59745 -50154 -73906 -8021 57266 49491 93556 74055 -51221 43401 -72536 97365 53300 -30854 -27040 -37631 20709 75272 -68530 25678 83987 -94135 -15632 -58553 -98019 65099 -74515 40029 17642 -38304 83584 -86667 44426 15383 -26779 -83946 10955 -4460 78529 -88172 -90929 -83212 15659 69431 -69264 52107 -38791 23837 78034 68573 15188 -87866 -19210 66769 -51789 37797 -20058 76259 -91777 14646 16538 -69616 -36054 65410 39774 -90408 96486 42761 -92190 62598 -48393
57517 8422 84371 42049 -45509 46291 75848 87054 86419 36850 8320 77423 34909 96952 67556 68721 -28328 -85080 -19738 -85585 55998 -27632 -17508 50894 -36873 -39038 -54443 -27222 63827 13404 -63249 21368 -28272 -4753 89306 68472 78187 35049 7152 34765 69498 20334 -50952 -10489 -18558 -43431 -23538 -40847 74343 32545 -29119 4618 94050 14389 -60845 -59919 -42474 -30551 -28084 41504 70774 -19538 43197 -60170 7174 -35591 6712 -98441 -81924 -34967 -13041 1940 -712 87009 -93641 -53356 -57778 47675
-17237 -49156 38296 57335 22224 86170 32105 30085 -3919 27556 -32589 12349 -76461 -79633 82182 -25087 99543 81071 -94810 -12675 -79678 -39689 14386 91497 14845 -54386 68764 28697 -93723 -14620 -49220 -67180 -45575 81868 82699 52835 -85436 53339 74260 -18880 69322 17061 -88029 -45364 25411 -69901 27714 -28070 49802 -55077 -54260 60489 2469 29688 -84717 93811 36851 32420 -34146 -19321 49907 -1580 86560 -36256 -12814 -86225 45311 -5781 -89174 55739 93647 12008 9216 -97279 64992 -62376 73153 92554
57101 3708 84052 -68031 51168 -49085 19643 -13369 -29047 -7706 -6984 -75048 76405 68644 -37687 58715 -59628 55559 -27228 -53405 -2601 87753 15231 98862 51660 -53968 52769 -47423 96966 -72130 -23322 -67168 32923 -3785 62934 33410 84046 26495 42928 80766 -63329 55835 38286 19717 1150 -68537 35702 28896 -61221 82301 75639 -37569 -37257 -65467 -45187 19288 50537 -49097 -6312 -39104 50821 -78630 85340 -91789 -67424 69829 21522 -34116 36212 -13818 54783 35592 34884 8552 81015 -27267 48257 40468
98674 5488 -88396 67106 -65082 -43296 28384 75423 74167 97114 -5734 85853 -14243 -34334 95643 17027 20035 -75065 24182 68705 72940 -25364 47836 -21305 -9609 -25542 54968 7601 97385 -24829 -81880 97251 37351 -67715 -45697 -56402 65504 -45515 -94059 96245 46756 -80963 41945 28395 77898 31963 46996 87265 -91770 10979 -49864 48321 43253 -93678 -93119 -59259 -79694 -95609 -63981 8329 -83727 -87483 -60089 50037 -84445 -26795 -56898 75593 37281 -88794 -86992 -91204 -14726 75278 -35033 53124 -22922 -31332
-98722 74559 43225 40296 -75722 -54463 -48562 55091 -14285 -72742 19446 -96405 -5926 24434 -93902 -32674 -39813 -6442 13069 -70896 -46922 18336 -7633 24138 36481 54783 -38129 -25993 -96762 -69912 48930 -26116 -6109 -47805 84775 89830 75761 -41754 53774 -69524 46229 -36959 -83190 3984 -81179 53812 -45239 33684 62970 62901 55779 67227 -32034 49646 -86812 79627 8770 38148 77326 71174 48841 -98639 52968 -10013 73784 100 32876 46294 78546 25205 62877 81794 17474 61098 21860 -12781 96941 -41703
2180 -80746 -85630 -35423 -57805 -34366 -98621 -58992 -38382 -33342 67153 -47848 43780 -58722 -50769 2206 53474 79344 -5348 -92634 -85105 85620 43814 -85498 24429 60813 -89312 -14993 43805 51666 -52542 -29093 -28490 78269 74745 -25024 -64809 -22073 -39072 -77595 28165 -55221 8634 -79493 19060 -81069 -8106 -48255 92934 64344 -8741 -7166 12533 27565 1244 35980 21296 74850 84696 -38124 -48998 93878 50186 20014 21954 27989 36078 -56897 35982 1195 -25240 -70774 68913 -4955 44817 -25877 -18349 83558
76369 38988 -27128 24811 12195 76490 74584 21574 48579 69103 -14278 80944 86322 -47495 -47538 -83705 69500 55360 -34467 -1757 80155 31806 5076 -52580 -95167 -41654 47741 -19114 8673 -36176 31857 -28615 -58750 65594 -29852 69576 -20428 -78525 10616 41855 95557 -52660 47546 -82803 -11489 28983 -10325 93811 35406 44986 40521 -62904 92454 -1027 -18832 -6785 -97308 99920 -12781 76953 -96608 -429 10677 -60860 61882 -82715 -31793 55461 43931 -22149 79677 -41744 2855 -19689 -98379 33892 21520 -18001
-1328 -74066 92692 -87969 -63067 83043 10162 5648 -55838 53768 -87157 -32628 -21725 64251 -24308 48519 40683 38481 48517 -3966 93814 -67436 -94443 -40942 39359 -82962 2734 56433 15277 50350 -42836 59388 69223 -82071 -43724 -74521 30348 78298 84254 -27058 56591 88335 66347 -6404 33747 69917 -47384 57807 47315 58303 -75897 8322 -37236 462 55156 -95425 -46662 -77405 40584 -62373 -31287 -65847 76690 4773 14524 -18221 10846 -19994 -81896 20555 -943 -23558 -74967 56698 61136 -49138 -90690 10863
57459 88862 -6418 -29538 -13250 89442 -1724 -44995 47556 82061 17727 -49028 18808 -66629 41692 -38604 -22922 70318 37673 -35806 -31017 64826 -11946 85022 47153 -27624 9377 98468 70256 1100 15754 97426 -4511 14674 28539 -96769 39817 -92057 97544 40189 -97655 37156 80054 42247 33760 -13444 -37456 -85798 -21422 -40281 -44997 40210 -1980 -14563 -85212 35524 -33666 93387 -71392 -22084 -52259 36542 49312 60626 -47809 -81098 -16652 26300 -54790 98377 -27675 75730 853 69235 -95426 -49620 53 -73765
-17705 -80043 21229 -16006 -19561 25804 -85693 42269 -48115 8049 17423 46912 98528 95351 77454 -33146 -10199 -99949 -11141 44755 -72065 -80068 55552 -96634 -1238 -47056 -53080 46926 54970 -9586 -85450 -40068 96820 71604 -30281 98477 -95042 -67459 -61770 -57444 61750 -20877 -88885 -69990 -23054 55749 95912 -60185 -74263 -10804 6738 -14524 77379 29575 -4156 59247 81779 15956 -85493 54527 24103 -41916 -38336 -3633 1899 3944 -45665 26361 -86374 31656 2963 -65853 -69912 87031 68690 17319 35928 3780
-88232 61769 -3869 -27007 45961 10825 98749 -11932 78807 55552 -24394 18183 -20650 99433 -37352 -73421 58249 -45026 33242 69595 80133 -36846 -92703 -68361 78697 -17696 -12432 -61091 -14703 -35397 83226 42390 -45645 -76821 -86548 -20449 34765 -52814 -36209 4569 -81259 -48863 27157 40018 33620 -56206 -66124 -71831 -46978 27939 -55796 93740 -49096 86101 -82853 30957 29681 64592 -11449 2568 49739 -23991 71338 -93760 -45049 -57277 -58670 48557 -64535 -99165 -30761 -4176 -91204 -17597 -8823 -95688 -69313 13898
86619 -7423 31765 50402 -23995 -83833 -19498 -58388 55145 -43258 83830 92969 -13066 -83856 69884 79558 -29525 -93526 -93703 -87720 -32159 -43653 -3952 90765 48388 49196 3549 -2714 2372 -31135 -566 -95107 -89871 28399 -34122 75764 -93988 -68385 -22851 42545 -49095 -90075 68539 -18837 66874 -2568 -66816 -29643 -1389 56370 2656 99463 90114 98707 -2537 -88658 73962 59051 16630 32271 56027 41925 -63509 -44444 -79310 -7529 46189 -35677 22818 -6474 18504 -42481 90241 99412 2630 15042 -12210 -23615
35767 -41663 -6705 88814 80679 23634 66452 -72865 13646 39910 -66607 -80516 -95982 87733 -75335 -21300 -45605 -18673 -22624 70239 32781 56411 -7644 -6145 24389 82943 89475 -35342 87969 57146 49896 85267 -64279 49159 -38095 85851 4357 -40994 64149 85577 76778 -90128 68967 56537 7390 -28910 68310 96849 48942 3539 -69718 -50990 27400 45299 -53960 -61578 95315 57285 74979 93925 -23675 -90842 295 38718 -9996 72660 71267 -65998 96635 -84180 -82634 -56386 -9376 -48945 12129 -49620 -86022 -97911
40436 -82117 -91573 -6137 -49883 -30158 -95010 -86723 -7628 -58105 -30212 -96598 67435 34222 23287 75716 -67730 9464 -20880 -80858 94536 -27039 70584 -10296 -93347 -84425 84646 -42065 -29900 90412 -33442 25859 -73226 -58387 -5863 84070 -17630 -45024 -4642 71027 -13607 -44492 -57218 -17815 -91079 59257 8136 1206 32562 -70295 49754 -35652 -57866 -87228 69714 -44064 70480 96441 -90688 99246 -80870 43076 -11246 -62229 22435 85698 28073 -64846 79346 36201 -42987 -79675 -27279 81038 -20022 42715 81037 -52727
-11087 -53334 -21011 39432 -54190 -65453 -8742 67742 -77515 -34743 -91033 47081 -70653 -15530 95602 5541 -51033 74095 -79416 17610 -62600 32003 10081 57060 -92835 -62264 12482 78619 74622 61956 52225 57991 -38572 23070 -52635 -87365 -68848 -65935 -12281 34801 5404 56520 40640 44986 -95341 -8437 -5163 -98516 34867 48146 13410 29557 -84093 86610 -28560 -28908 48628 43910 -46040 84560 -78414 36371 -90839 -37450 -79627 -95317 38919 99773 63776 53149 -56331 81296 88984 -9580 84818 -4970 -21758 -52716
-19195 95977 -34015 -46444 6299 -60503 25348 22178 34161 61325 68189 -6775 56160 -42761 59862 -248 50563 24934 -36598 -33035 -23771 -99502 -72955 18712 -30923 -7594 -16925 -78727 45365 25290 -23829 32508 -15397 87516 20848 60379 44608 -20063 19891 -47105 75437 -56681 -95264 52765 -56894 92451 75941 -62085 10208 43095 -32358 -12970 49231 13522 -85606 65421 -47675 48429 -33820 -39878 7831 69132 -86 72485 84084 21074 -6895 56359 -60965 -53907 -91319 -4915 35893 84823 73386 85558 38121 11215
61775 -97839 -94156 65060 71001 14026 -96811 91198 23104 -55400 57752 -48608 -258 -67124 -83643 -66438 -1609 -53615 -24390 68309 52163 -12219 -94355 89038 -88269 36885 -63207 15665 -30255 19289 -76415 -80871 44851 35023 40473 -65257 -7256 -94521 -87312 20788 64397 -88990 -75526 47437 20767 59259 48254 -49865 77643 62738 20630 -4106 99990 45871 21170 227 -72054 -28591 86299 31816 -81904 1554 46390 -88378 -52613 81545 -29709 -49551 98374 61234 -77851 -82991 -82403 11247 15349 -34511 35259 -99768
-29368 -78753 35568 -54616 -25693 -89130 3564 -5676 -12757 70708 -23583 20170 -25074 9068 67745 56871 65852 -59727 -81751 58708 -18364 95634 -1964 -26367 89075 24619 96944 -22745 54887 57715 -30017 4007 79290 73907 2722 -46128 -99402 -14149 -33462 -34732 29038 -50654 -56436 -70218 -46651 -68657 -25982 -35929 59545 -15852 59163 80549 90382 -2426 -28754 -59374 77232 56992 -75861 26492 62453 48895 59563 -39687 -40279 95727 -44781 12774 15765 -27113 45645 37343 83554 653 60893 2093 -25942 -53640
64718 25037 31877 -65447 -54535 -2056 19650 -15305 15386 56685 -39661 -15733 74463 -84778 -71823 -65740 -67943 -59580 86112 -79770 84063 -99152 -7882 -5644 48587 77058 -93112 -8158 42559 -71888 17060 92466 95726 59302 -26255 2753 -92191 2873 -72619 78333 -14280 10521 -56032 -65061 46403 -85875 62518 39365 66838 -74261 94570 26045 50108 48075 -82728 83443 46368 -97869 42179 44010 49336 68200 -67918 84786 22298 -44746 -56909 -22221 98027 67505 29931 30925 79182 8583 30453 -325 24755 54776
62260 91810 31194 39412 30868 -98270 -45820 -88454 67090 -8750 -33938 5615 -74301 -66882 60864 -93154 89681 -791 90961 -62583 -4325 47394 -63139 -6089 -10766 -46364 97897 -38878 -35003 41434 37332 -8349 53485 -95403 70371 88649 66889 -95586 -61226 77153 -41471 65624 4030 26400 39684 -71920 42936 -40633 -91544 76332 52691 57758 70211 42394 46265 -76860 -55792 -68651 -37371 60208 87794 -37498 -4508 -44457 -13015 79908 70134 -48655 30950 -88056 -29997 30506 -19342 93037 -62767 62114 20895 -84918
35998 -34653 85942 -75338 56623 28040 33323 7086 90333 14797 -28194 25334 11248 99655 18213 -9626 97808 -64575 98387 40187 61840 57690 -35090 -78108 -97253 -10020 85159 84972 63634 95276 77752 -72728 90852 -27704 7840 34653 -59997 -8063 -22393 -78278 64388 45710 84985 91797 38617 43599 -74860 -26605 -62722 24308 58972 -48129 -76042 90236 -1567 -64073 -62305 39888 92529 -60726 83022 -57970 -94987 -79435 7921 54683 -49656 37294 -60698 5750 -3306 21609 -25895 88885 -94131 31171 49564 93012
-31007 -34319 49682 22533 -14953 24814 9253 -14740 46751 83967 33873 -69775 -48492 -55927 98660 92739 74421 -1253 -74281 -70556 -92185 -64578 -68085 9389 -98063 -33296 -70810 -26090 -63716 26617 -40036 52765 -71233 38076 711 47770 -54439 67793 -98492 -79321 -46399 -58886 -16079 40016 7132 -63933 59650 4229 24547 87873 45283 65170 -67744 -85027 2017 2978 -61835 36822 -71332 36014 -83463 -2415 90744 -86574 -18051 -25714 99327 -66555 9708 -96862 -35772 24817 88736 33837 60516 17048 72806 -6309
-70344 79141 -90038 -33143 -6488 -15358 -81380 -54454 20396 -77163 30424 62847 -58306 -74180 70681 -28667 75284 -79420 66578 18686 91191 7168 -38463 83596 78859 63375 -2905 -17847 -45982 84768 57507 -84652 -38604 -25152 -54806 23233 44146 57567 -32772 -37756 60795 99842 32512 -65966 -73195 -38581 80982 46545 -74474 42827 -72297 -25478 -37447 -35454 -34119 -14183 -98534 87968 -81831 73238 95235 -23538 -64216 88265 -96400 -22592 -38260 -98228 30741 58632 66789 17355 -53671 -97729 2615 98301 -53163 77730
