883 247
200 804
239 848
67 712
30 205
111 451
81 234
50 436
9 416
132 321
213 823
53 88
120 223
96 42
241 68
86 158
212 982
129 211
24 589
188 645
68 520
53 723
232 468
241 867
224 175
56 641
73 250
158 818
114 414
95 106
240 812
64 983
215 726
214 247
45 338
25 818
147 930
33 698
75 996
200 713
114 705
58 534
40 215
94 696
15 519
33 391
100 375
51 34
33 121
56 356
67 314
80 799
21 608
165 455
190 670
104 92
15 117
220 913
39 178
206 374
75 236
70 427
107 61
140 404
44 467
156 59
220 76
107 796
147 897
38 897
151 309
14 553
43 4
39 809
102 841
157 208
71 448
80 700
169 621
191 493
16 490
122 946
163 998
132 535
101 29
146 234
195 219
218 853
108 164
157 888
38 827
72 587
155 276
159 730
101 272
54 695
59 442
47 166
111 621
129 412
148 239
176 720
210 72
150 819
26 317
140 865
225 599
199 661
91 456
182 599
34 326
14 125
152 1
182 506
107 553
74 301
133 169
9 103
43 393
24 303
163 969
148 758
194 886
136 936
97 590
154 675
82 837
109 512
111 18
121 216
115 297
221 182
43 31
35 882
200 825
240 384
140 53
21 105
237 865
105 987
205 969
180 41
65 855
109 869
199 671
8 902
207 875
158 532
145 313
190 468
200 975
133 114
232 610
162 729
11 22
104 216
12 526
163 314
30 939
200 343
148 867
209 72
105 16
101 154
67 910
70 816
75 196
115 453
192 78
202 58
164 631
102 223
122 781
234 163
69 730
53 37
188 443
140 90
171 175
157 705
71 203
89 719
80 514
178 160
17 505
200 683
13 934
63 988
229 450
56 911
235 941
137 51
240 536
177 747
100 72
141 218
182 770
42 410
12 310
173 411
144 450
244 953
230 164
232 105
71 710
235 996
151 140
111 68
144 696
226 148
146 866
87 214
133 205
5 172
7 515
212 578
161 852
71 32
41 556
104 91
160 93
94 58
166 835
51 266
81 788
124 929
119 852
221 66
108 807
37 801
11 806
238 454
225 995
122 987
94 320
84 66
131 158
21 73
137 932
160 276
190 286
162 250
198 836
45 665
61 310
227 519
28 584
246 443
201 225
91 605
202 855
61 864
6 795
210 247
231 26
63 927
115 781
58 987
127 425
94 884
65 617
37 799
210 979
242 223
54 354
227 674
40 989
110 766
212 582
7 465
121 123
88 251
171 239
237 832
52 575
58 658
47 561
186 904
54 302
188 904
110 71
230 62
188 320
230 387
137 926
111 502
191 256
111 4
22 846
34 746
25 70
219 162
229 505
221 717
81 926
130 330
104 920
74 12
184 473
17 323
46 8
241 926
127 954
137 718
6 810
220 859
125 745
171 111
116 592
206 725
136 171
186 735
154 123
151 825
43 357
97 183
89 261
193 418
52 244
78 882
142 739
118 441
123 396
103 765
55 747
84 842
205 285
210 945
90 138
74 93
237 35
173 969
121 559
141 857
202 715
157 169
205 506
240 623
155 234
104 532
235 945
39 579
229 729
131 833
45 362
167 380
36 875
93 268
109 293
108 555
193 386
203 653
45 121
14 111
67 239
73 631
179 710
190 480
230 447
43 618
236 434
115 219
121 14
82 468
172 48
56 548
215 990
92 690
137 293
49 413
75 347
233 630
135 479
17 988
24 806
243 708
209 910
247 602
172 121
172 134
5 116
167 843
156 665
1 219
136 711
80 231
164 981
160 453
114 848
132 193
96 286
10 45
155 238
218 964
91 92
104 277
181 371
27 881
34 645
35 787
237 127
3 858
36 508
35 792
25 632
235 390
29 510
65 344
151 751
207 959
192 258
68 836
80 503
73 340
209 232
5 209
211 829
34 359
77 902
207 501
96 307
13 946
198 776
101 245
77 397
182 242
93 492
239 784
229 469
64 704
35 550
44 772
12 987
76 635
8 207
114 288
29 270
30 935
70 693
192 540
233 948
98 49
123 598
42 39
156 448
66 507
160 864
234 511
223 195
58 224
119 734
175 749
75 628
163 565
212 523
121 704
209 473
235 355
181 22
152 982
132 46
93 18
102 977
48 267
243 534
172 326
198 883
8 786
247 691
111 366
30 235
155 657
107 129
178 632
113 987
152 936
114 572
220 17
225 169
77 299
165 174
229 586
245 813
180 59
29 900
105 634
114 81
113 112
47 860
246 47
5 721
36 216
116 997
233 878
195 235
108 57
136 352
81 518
209 96
206 158
214 554
20 287
8 157
154 960
11 446
203 817
48 291
50 993
165 547
34 372
227 604
212 130
153 22
244 78
241 714
225 666
7 499
162 659
167 976
217 600
6 630
123 516
44 406
40 252
216 68
241 777
160 583
111 710
207 827
138 792
224 897
85 434
167 61
137 442
27 818
93 501
136 880
182 3
173 36
34 200
54 601
140 493
116 431
51 334
105 230
226 468
6 341
211 671
171 994
181 609
22 183
159 788
20 666
197 980
58 224
237 934
5 142
58 657
86 11
193 750
206 241
202 690
211 782
155 373
164 661
38 29
89 342
94 453
48 866
207 709
66 605
68 905
9 253
63 750
126 312
229 784
208 222
182 784
125 30
181 40
240 485
82 590
129 517
141 840
201 966
205 797
208 541
44 568
123 348
214 827
180 820
147 887
181 248
59 443
29 980
125 776
150 220
85 384
83 330
145 243
110 436
65 68
182 57
220 895
107 205
181 265
101 612
89 948
43 118
237 185
83 682
160 487
28 99
128 441
118 941
48 562
103 735
31 228
247 312
19 233
92 650
195 472
111 89
160 636
164 245
195 812
123 492
100 248
209 49
173 845
131 396
176 727
156 247
237 156
243 168
132 115
215 249
221 183
68 548
224 37
214 857
143 925
66 76
214 610
9 94
74 124
131 490
92 610
245 875
56 459
131 248
10 225
127 657
176 127
60 676
130 355
159 73
208 279
95 964
69 909
209 401
113 446
246 416
143 98
53 943
7 458
51 497
155 39
101 641
194 902
121 401
57 264
35 219
204 900
245 943
58 511
52 323
47 789
61 397
127 222
203 458
89 793
122 216
113 65
223 749
84 48
130 585
61 699
83 574
193 512
186 929
49 665
133 451
246 663
124 887
41 574
244 338
63 998
163 624
50 420
142 521
86 930
218 92
243 989
39 528
10 992
89 275
126 605
223 592
167 267
67 429
128 155
51 44
237 965
126 424
176 451
218 214
165 49
193 985
211 678
246 381
223 72
132 608
169 409
74 347
236 639
157 700
9 586
102 918
56 132
12 962
120 848
96 296
63 239
20 119
187 400
246 167
111 123
241 68
179 746
42 668
196 711
95 734
213 783
17 783
152 70
14 257
165 529
123 136
146 158
184 496
103 244
162 421
202 564
242 259
198 560
171 707
86 613
58 100
120 502
209 332
169 378
224 39
173 239
142 289
96 605
206 225
22 92
103 239
121 325
65 641
246 822
207 955
237 39
44 850
164 907
232 180
156 703
115 533
228 886
110 960
151 629
173 977
230 329
140 139
1 443
72 882
117 916
153 859
87 597
242 266
230 597
232 380
104 951
11 18
64 448
20 534
191 334
122 503
86 817
101 152
89 84
186 426
163 240
38 361
56 872
36 933
120 711
242 470
138 765
31 267
65 151
189 980
50 98
52 35
107 249
190 483
101 23
12 394
128 109
174 96
69 743
107 970
215 805
206 78
190 432
237 129
163 526
210 350
157 584
140 166
123 433
205 351
234 828
109 842
226 505
34 381
87 932
144 795
74 375
103 408
161 16
147 795
234 618
58 851
38 136
96 766
161 242
136 568
173 153
213 848
155 226
138 275
6 7
1 477
112 269
46 500
108 275
20 872
235 948
75 158
198 238
126 639
127 38
85 323
27 557
178 409
68 328
10 627
73 314
38 551
147 837
3 815
34 233
83 426
208 740
74 990
141 269
42 166
59 108
139 122
79 468
74 436
233 769

