966 546
470 887
525 654
20 186
67 193
19 394
472 941
232 528
122 425
542 361
428 31
186 751
110 108
476 447
117 246
13 497
202 38
21 890
508 509
325 630
418 739
182 394
64 433
52 485
191 854
21 255
322 987
298 902
306 113
42 815
174 510
81 253
262 620
302 732
398 309
112 810
28 259
421 264
446 68
472 420
479 961
330 108
282 301
447 140
468 189
519 895
403 931
263 144
379 642
231 23
318 621
265 45
225 817
254 801
92 291
16 621
426 851
107 691
108 672
494 290
390 321
445 707
28 990
397 222
466 54
478 6
328 153
383 95
216 225
348 617
182 812
137 720
385 635
8 380
94 335
499 862
67 938
515 704
525 477
12 280
145 434
390 17
325 908
82 992
354 428
24 464
169 498
324 680
449 545
219 750
283 978
358 364
269 620
208 835
171 49
491 714
438 290
66 590
229 150
354 297
307 972
484 84
328 87
473 155
251 161
133 920
312 250
82 485
472 352
294 647
296 545
180 481
22 308
522 183
461 324
415 606
181 21
268 450
402 793
183 815
123 236
189 44
303 231
407 456
2 847
189 778
228 569
407 76
259 749
149 201
425 735
129 585
469 399
331 781
338 43
118 729
217 250
286 244
163 663
50 889
271 420
509 670
431 987
383 694
179 994
77 732
413 268
5 471
508 977
47 738
25 860
162 375
12 871
132 830
361 539
44 439
452 477
515 66
164 177
161 990
391 561
84 439
402 24
403 755
266 764
243 356
448 324
199 479
82 64
231 802
182 950
8 638
126 61
4 900
96 881
454 448
462 810
354 835
306 338
164 201
414 316
341 714
62 943
482 57
502 683
77 607
264 968
279 897
518 737
145 125
41 224
135 729
407 1000
455 924
249 228
305 349
516 627
421 163
234 299
405 406
190 587
196 940
470 67
339 413
265 804
544 352
194 29
222 150
253 508
215 821
369 499
86 352
91 611
273 166
384 319
315 528
81 928
408 450
372 888
273 761
317 339
53 432
440 999
292 181
539 1
496 511
83 938
21 672
472 843
39 573
411 71
533 618
196 330
366 518
369 220
36 180
372 77
516 678
22 301
400 303
174 598
486 968
24 246
406 288
259 422
306 625
360 566
408 883
388 782
484 186
503 728
286 791
165 696
325 683
385 821
272 203
237 852
402 668
426 574
27 15
394 691
41 845
33 550
438 466
258 500
229 554
514 574
530 568
496 100
345 899
382 995
408 649
359 440
230 172
241 55
151 484
22 441
162 936
256 17
298 41
183 702
252 834
338 674
532 54
21 338
198 67
441 640
532 480
239 229
141 959
510 382
141 857
211 855
507 55
428 921
270 429
54 714
433 746
92 611
255 270
333 74
263 172
464 177
458 593
7 714
228 112
6 517
7 859
161 390
140 890
130 963
408 981
451 582
70 701
143 663
523 671
402 124
200 384
458 21
520 106
498 845
310 726
71 720
144 840
420 68
135 682
512 136
318 722
508 874
47 793
23 156
115 921
386 275
27 864
363 662
542 165
463 91
29 247
273 708
146 913
448 70
112 29
232 359
484 843
255 818
227 959
53 509
73 28
268 93
23 605
405 659
351 689
535 197
478 882
399 192
526 1
500 78
96 618
474 676
466 503
317 882
272 296
480 365
368 154
131 454
317 863
315 924
307 407
84 337
85 269
348 540
338 183
543 988
214 183
225 387
451 414
165 697
103 713
158 113
91 63
461 624
516 347
40 53
422 963
311 40
230 114
85 342
55 868
463 928
246 159
344 367
143 961
182 853
19 604
227 574
206 127
77 828
86 492
330 754
346 743
365 124
522 276
183 424
197 502
472 955
510 237
44 57
292 149
264 3
473 236
77 115
79 836
409 146
77 684
40 809
186 557
40 169
511 565
460 101
231 65
315 657
57 51
417 936
317 467
141 301
191 224
489 203
223 955
118 7
524 268
103 318
432 57
128 676
463 993
313 966
115 534
130 694
15 591
328 281
300 936
175 38
107 370
466 286
32 566
338 385
299 412
469 880
339 517
336 404
309 534
2 65
63 570
142 524
222 399
70 177
75 420
542 564
84 22
209 328
148 124
510 817
321 69
519 830
385 257
546 948
267 772
435 601
105 285
144 655
497 56
12 43
207 836
216 644
538 684
311 47
414 560
538 922
463 198
265 324
176 774
493 722
25 399
287 17
259 706
148 623
186 518
236 575
394 931
494 112
324 997
398 788
473 578
244 193
174 847
229 231
309 659
289 473
353 389
26 773
480 541
220 980
360 183
529 799
308 599
227 933
98 598
51 480
441 429
9 32
257 968
74 611
218 536
506 903
502 705
352 522
332 582
483 594
241 804
209 917
211 262
308 744
485 639
527 795
345 38
524 753
37 540
371 480
468 108
497 412
190 313
317 911
216 891
476 94
5 99
465 77
369 95
270 514
30 838
338 737
203 514
73 496
347 318
391 136
220 130
32 256
45 647
156 707
24 818
127 124
383 571
498 730
342 1000
374 148
478 869
518 868
403 319
180 625
314 333
56 581
315 919
289 866
25 582
265 303
248 477
453 159
41 461
79 286
378 687
136 923
308 392
153 653
308 502
76 731
528 764
483 500
257 348
460 741
494 795
183 526
514 303
6 292
416 285
26 279
365 727
21 510
149 611
140 105
84 959
252 728
497 626
480 215
258 780
313 562
177 158
210 867
376 575
374 368
440 586
111 973
540 984
231 205
100 500
365 946
520 293
490 755
151 934
206 382
466 284
102 634
498 564
167 499
44 362
145 9
415 338
49 548
138 153
134 781
98 303
296 671
189 999
244 82
11 559
222 280
179 601
73 639
155 967
309 252
272 484
198 713
23 376
355 404
360 341
35 557
534 946
139 968
431 668
288 555
27 500
337 475
229 694
398 130
214 596
485 346
316 128
250 427
66 418
182 879
145 142
201 690
57 836
81 636
540 194
519 613
11 260
332 537
474 609
107 25
244 441
135 842
8 67
12 717
505 803
506 750
287 600
17 931
306 723
368 740
121 140
148 187
159 162
438 653
366 197
427 275
506 625
213 471
329 646
78 164
137 270
157 861
45 21
282 458
430 710
191 398
103 700
214 39
58 304
254 675
431 851
314 777
315 401
242 706
360 712
157 946
240 467
281 870
476 960
341 993
200 616
205 932
273 567
155 590
235 910
485 268
409 572
104 475
523 958
124 459
411 494
95 930
236 194
438 142
42 916
508 224
265 544
65 948
33 560
476 341
88 353
286 147
465 964
302 599
323 228
403 912
190 363
425 275
19 738
536 714
95 584
456 897
426 513
213 374
496 695
123 426
530 723
65 568
215 207
400 376
114 118
379 995
495 523
88 754
402 574
179 416
344 43
95 584
288 192
11 15
96 251
309 963
301 313
407 798
144 132
37 773
14 449
3 151
127 540
173 672
530 360
402 781
70 587
255 775
496 274
172 8
131 396
379 484
94 611
334 732
455 811
98 545
81 971
211 465
95 810
457 693
473 17
175 610
26 917
83 887
14 588
123 264
383 974
188 719
424 530
497 332
383 648
260 768
233 638
200 440
529 719
436 664
178 571
7 188
233 647
265 252
514 172
466 642
303 456
521 140
519 933
486 491
323 150
358 963
469 519
138 382
402 602
126 824
476 256
14 554
247 487
118 571
124 207
139 663
526 819
370 105
524 250
297 400
414 900
46 323
430 466
437 709
435 354
128 679
59 573
410 483
451 703
366 277
277 431
459 480
14 505
399 923
220 977
95 163
275 462
272 810
263 978
38 283
337 307
276 228
257 863
113 24
477 180
458 890
228 155
52 492
68 307
242 601
418 69
261 936
398 601
182 187
403 876
385 984
263 298
324 868
457 966
301 840
329 386
268 306
419 209
32 19
138 285
123 627
177 885
49 91
59 431
240 673
253 321
136 312
408 583
43 203
216 597
248 682
278 637
124 479
235 299
192 548
405 790
442 654
337 122
205 606
451 488
390 355
394 135
392 751
163 685
369 578
174 724
114 395
305 568
62 857
283 662
435 590
309 912
398 184
1 628
425 372
236 73
264 429
348 341
135 622
357 406
179 42
455 686
81 608
283 23
161 567
190 88
238 730
480 733
544 851
91 980
204 863
424 679
25 205
391 879
325 98
477 470
65 936
204 948
310 771
477 190
463 360
178 953
135 296
23 930
272 363
459 897
270 262
246 843
370 501
178 177
518 485
150 471
319 118
120 142
243 641
160 627
330 83
510 649
379 631
46 130
229 100
504 650
188 451
360 69
294 611
311 774
61 205
303 274
314 895
44 67
12 425
90 867
76 35
303 748
545 981
129 111
119 913
86 977
214 595
149 293
357 406
101 681
294 172
333 897
369 312
543 774
371 255

