413 221 121
193 1
406 1
310 1
82 0
281 1
141 ?
203 ?
97 0
232 0
190 0
68 1
198 1
25 ?
84 1
350 1
313 0
322 ?
412 1
153 0
39 ?
317 1
38 0
152 0
349 0
199 0
271 0
321 1
270 1
99 0
269 ?
377 1
363 1
159 1
21 ?
402 1
281 ?
257 0
171 1
219 1
266 1
308 1
272 0
372 1
153 ?
113 0
356 0
328 1
139 ?
244 ?
178 1
399 ?
256 1
272 1
406 1
57 ?
58 1
36 0
193 1
169 1
66 1
240 0
68 ?
43 0
296 1
373 ?
317 0
34 ?
225 0
345 1
336 ?
25 ?
243 0
219 ?
40 0
262 0
41 1
147 1
112 0
27 0
20 0
400 1
173 ?
164 1
149 0
191 0
291 0
69 ?
122 0
316 0
356 1
305 1
252 0
132 1
296 1
201 0
285 1
312 1
55 1
218 1
408 0
327 1
338 0
403 1
177 1
143 1
326 0
387 0
69 1
89 0
39 1
237 1
252 0
123 0
401 1
156 0
195 ?
63 1
49 1
15 1
48 0
318 1
50 ?
346 ?
102 0
339 0
298 0
335 1
7 1
254 1
120 1
9 ?
203 0
315 1
108 0
306 0
43 1
362 ?
409 0
132 0
261 0
104 0
402 1
307 1
39 0
380 0
387 ?
380 1
4 0
218 1
228 1
103 0
266 0
56 1
39 ?
131 ?
256 1
401 1
271 1
4 1
2 ?
357 0
239 0
407 0
392 1
285 0
307 ?
277 ?
348 1
165 0
266 ?
206 0
338 0
246 1
258 0
380 1
275 ?
323 ?
329 1
315 ?
338 1
196 0
204 1
22 ?
357 ?
243 ?
356 ?
38 ?
270 0
177 0
205 1
362 ?
131 1
369 ?
231 1
186 1
274 ?
257 1
91 0
353 1
139 0
212 0
347 1
45 0
134 ?
241 1
370 ?
108 ?
205 ?
46 ?
190 ?
53 1
193 ?
134 0
151 0
279 ?
359 1
386 1
251 ?
134 1
125 0
234 ?
