4643 3239 2122
241 0
1197 0
2546 0
123 0
1080 0
3740 ?
52 0
3996 1
175 1
1634 0
3091 0
2916 0
883 1
4612 ?
4305 1
4564 ?
890 0
1385 0
2022 ?
1887 0
2924 ?
254 ?
763 1
4359 ?
2948 ?
156 0
4338 ?
4233 0
1807 ?
2199 1
1332 ?
3103 ?
4297 0
4420 ?
4370 0
2168 ?
149 1
1247 ?
601 1
3238 1
1340 0
3217 ?
1690 ?
3839 1
2596 1
79 ?
1417 0
2099 ?
2676 ?
4359 ?
1245 ?
3260 ?
1981 0
1350 0
3428 ?
258 0
3808 1
928 0
689 ?
2912 ?
3287 ?
296 0
1805 ?
4208 1
1489 1
118 0
4372 ?
181 1
1532 1
3259 ?
699 ?
2217 1
3172 ?
2283 1
1371 ?
3765 ?
2092 ?
3582 0
512 0
3090 1
771 ?
1706 ?
2279 0
2499 ?
117 1
1968 1
3740 0
1749 1
3466 ?
4527 0
214 ?
2029 0
590 0
2482 1
2483 0
2365 0
119 0
2059 1
3629 0
855 0
4320 1
1444 1
3391 1
3704 0
932 0
785 0
612 ?
720 1
2615 ?
2380 1
354 1
1757 1
3501 ?
551 ?
2765 0
3550 1
108 1
2867 0
2902 0
1412 ?
666 0
2727 ?
2638 0
1186 1
4153 0
3267 1
746 1
4463 1
4559 1
323 ?
3315 1
2305 1
2627 ?
3817 0
3191 0
4398 1
2348 1
4076 1
912 ?
1974 1
64 1
3244 0
1199 1
1955 ?
3337 0
788 1
3084 0
664 1
44 1
1000 0
3500 1
23 ?
3527 ?
1100 0
687 ?
478 1
2939 0
900 1
2552 ?
1450 ?
2970 0
1508 ?
3262 1
883 ?
3551 ?
716 0
750 0
3370 1
2173 1
4633 ?
3226 1
3375 ?
2997 ?
3432 ?
2258 0
1460 1
1863 ?
3257 1
3489 ?
4584 ?
406 ?
2509 0
1826 0
3838 0
957 1
3017 ?
2788 1
4574 0
1107 1
303 ?
146 0
599 ?
2987 0
3973 1
1478 ?
1163 ?
401 ?
3860 1
3123 0
2078 0
282 1
4438 1
1576 ?
2597 1
268 1
1886 1
1562 0
2555 1
404 1
3259 1
3851 0
3797 ?
1894 0
606 ?
2207 0
3462 0
1341 ?
791 0
687 0
2298 0
524 ?
3336 0
24 ?
3755 ?
694 ?
544 ?
1965 ?
3482 1
2901 ?
2643 1
2908 0
1667 0
1059 1
4263 ?
3244 1
4104 1
188 1
4369 ?
2655 ?
924 ?
373 0
2953 ?
455 0
2397 1
4206 1
1247 0
456 ?
2316 1
138 0
2398 1
1095 1
2553 1
3893 1
740 ?
4377 1
230 0
3327 ?
1327 1
1399 0
2081 ?
2084 0
1 1
3994 0
2004 ?
3358 0
3399 0
2413 ?
211 ?
4220 ?
2276 0
1180 1
611 0
2921 ?
870 ?
30 ?
1812 ?
2616 0
1340 1
218 ?
1365 0
1319 1
3 ?
269 1
4484 1
2054 1
2406 0
2855 ?
2865 0
3859 1
1183 ?
248 ?
3811 0
744 0
2567 0
2687 ?
1568 1
2861 ?
878 ?
2190 1
4307 0
4553 1
2977 1
1828 1
2259 ?
683 ?
4523 1
3521 0
4441 0
3034 1
4376 0
1918 ?
2795 0
1250 ?
2154 1
2085 0
3163 1
1436 ?
2463 ?
1934 ?
363 1
2229 0
1747 ?
3769 ?
2628 0
4370 0
266 1
3176 1
3429 0
4217 ?
806 1
3551 0
4176 1
4120 1
1668 0
1448 ?
3203 1
2599 1
2646 1
3134 ?
704 1
925 0
2059 0
585 0
2906 ?
3630 1
711 0
4002 ?
4564 0
859 0
2930 0
3593 ?
2481 ?
4422 ?
2879 ?
1263 1
2461 ?
2234 0
2018 0
2916 ?
2373 0
817 ?
4554 1
1400 ?
906 0
2758 0
957 ?
3201 ?
4116 ?
616 ?
4008 0
3815 1
2831 1
1138 0
2554 ?
1230 0
2541 0
2664 ?
3084 1
257 ?
235 0
4177 0
2173 ?
3044 1
1812 1
4151 0
2687 ?
4140 ?
3211 0
4411 ?
211 1
245 0
327 1
1823 1
1347 ?
1448 0
326 1
3627 ?
1236 ?
1170 ?
2230 0
2615 1
3487 1
3153 1
742 0
655 1
3390 ?
4207 0
3923 ?
2430 1
1145 0
811 ?
1739 1
975 0
3622 1
2487 1
2934 1
3956 1
2779 ?
2616 0
2889 ?
4328 0
3676 0
1377 1
1504 0
675 ?
583 ?
252 0
1684 ?
2413 ?
2689 0
3651 ?
3187 ?
4554 0
4481 ?
3248 1
3772 ?
1302 0
1630 0
2805 1
524 0
1752 1
4051 0
127 ?
3870 ?
3395 0
621 1
4313 1
3087 ?
3698 1
2858 1
2614 0
254 ?
2387 1
2597 ?
4340 ?
3605 ?
1202 ?
4352 ?
1897 1
2096 1
3514 ?
2725 0
1888 1
2747 1
1689 ?
2677 ?
1083 ?
2604 0
2474 ?
4458 1
988 0
3183 1
3864 0
904 ?
3722 ?
1925 0
3317 0
1392 ?
734 1
2344 ?
1089 1
3811 ?
3241 1
2470 1
3374 0
684 ?
1427 ?
2286 1
1428 ?
4419 ?
1406 0
1454 ?
2678 0
3546 ?
1326 0
1750 ?
3554 ?
3872 0
185 1
3705 ?
979 0
3544 1
2481 ?
4601 0
1281 ?
792 ?
3560 0
1161 ?
1117 ?
2110 ?
1233 1
2808 0
2984 ?
324 1
3774 0
3818 0
2544 1
1479 1
568 1
3504 0
2203 0
1456 0
1190 ?
2990 1
4066 1
2655 1
3400 0
2682 0
2225 1
3644 ?
4185 1
3244 1
1568 ?
2170 ?
2315 ?
681 0
2261 0
1334 1
2339 0
3077 ?
908 0
1294 ?
3320 1
1485 ?
2638 0
3817 0
1334 0
149 1
4156 ?
4408 0
3424 0
3682 1
1090 ?
3824 1
773 0
2147 1
1063 0
2595 1
1975 1
3004 ?
3008 0
1030 1
1361 0
2453 0
3341 0
4520 ?
1332 ?
2193 1
4397 0
2354 ?
432 0
1137 1
867 0
3023 1
1605 1
4369 ?
1378 0
2075 0
2381 ?
749 1
804 1
458 ?
3306 ?
1480 1
3488 ?
2495 ?
1816 1
385 ?
3105 1
3722 1
1000 0
1009 0
4450 0
3874 1
2923 ?
3616 1
1975 ?
362 0
4416 0
3309 0
706 ?
3690 1
3137 ?
166 ?
2586 ?
3134 1
3747 0
2101 0
3123 0
4180 0
1037 1
4089 0
1851 1
3912 1
2463 0
1573 0
1755 ?
660 0
4271 0
918 1
1827 ?
4547 ?
353 ?
2658 0
3091 0
4339 1
821 ?
2394 1
3633 0
2464 0
4467 ?
795 1
4637 0
325 1
3238 0
2059 0
2885 ?
1404 1
2656 0
2820 1
2059 ?
2279 0
2790 0
3696 0
3764 ?
2472 ?
2111 0
533 ?
1185 1
2508 0
2633 1
2870 ?
2512 0
741 ?
1291 0
4094 ?
2496 ?
1248 ?
4519 ?
4142 0
4059 1
525 1
3339 ?
2449 0
3355 1
2001 1
1905 0
3224 ?
4399 0
3105 ?
890 ?
2754 ?
1244 1
3568 1
3878 1
4120 ?
2875 1
3292 0
592 ?
955 ?
3087 ?
865 1
4384 1
543 ?
1100 0
3869 1
804 0
3811 0
2842 0
1550 1
4403 0
1391 1
4569 ?
295 1
4582 1
2074 0
292 0
121 0
4492 0
3538 0
3064 1
1405 0
2063 0
3381 1
2672 ?
1324 1
738 1
3406 1
4193 0
55 1
4509 1
1094 1
3190 ?
602 1
1171 1
4493 1
450 0
2847 0
4633 ?
2433 0
3514 0
289 ?
3248 0
2190 ?
78 ?
2249 ?
354 ?
1238 0
269 ?
1850 1
1802 ?
1138 0
1943 1
4603 1
1754 1
3242 ?
2662 0
1387 1
1608 ?
767 ?
4416 ?
2219 1
2327 ?
1769 ?
53 ?
1899 1
3392 1
3771 ?
1346 1
2172 0
1004 ?
1062 0
3099 ?
2731 ?
3012 ?
937 0
2765 ?
3650 ?
1323 ?
2640 0
3907 1
1954 0
356 0
1205 1
2466 ?
2323 0
283 0
2958 0
400 1
2436 ?
4392 ?
777 1
4567 1
4275 ?
3408 ?
451 1
3090 1
1835 ?
3258 ?
1985 0
3820 0
2130 1
27 0
4173 0
1854 ?
2863 0
1542 ?
2615 1
1423 0
4201 ?
3927 1
1829 0
527 0
2094 0
1420 0
2698 0
1981 ?
1394 ?
3508 ?
1411 ?
848 ?
4438 0
1699 0
751 ?
2202 0
806 1
970 0
1811 1
2246 1
275 0
1900 0
859 0
3345 ?
1705 0
2092 1
1237 0
453 0
958 0
870 1
1852 1
3867 0
528 0
3961 ?
2697 1
2307 ?
99 1
4203 1
1678 0
4521 1
2477 0
1002 1
4616 ?
2490 ?
2728 1
3381 ?
2150 ?
3537 0
1808 0
1934 1
1780 1
4364 0
2804 0
1977 ?
3333 ?
3113 0
941 0
1234 1
697 0
3360 1
3485 ?
571 1
3093 1
307 1
1729 ?
4564 ?
86 0
3974 0
2897 1
4165 0
4303 ?
4307 1
122 0
1056 ?
4045 0
4310 ?
1877 0
1647 ?
2963 ?
4588 ?
656 ?
4160 ?
4424 1
1310 1
3342 ?
905 ?
1107 ?
3564 ?
1304 1
1386 1
992 0
2545 1
4053 0
1482 0
246 0
2633 1
3755 ?
4199 1
84 0
3251 ?
4502 1
3804 1
4021 1
1887 ?
524 1
1851 ?
1407 ?
4374 ?
4358 0
2813 1
2647 0
2269 ?
2469 ?
4245 0
1186 1
1759 1
1173 1
3000 ?
656 ?
1990 ?
1367 1
480 1
1690 1
2748 0
292 0
2086 0
1464 1
686 ?
1926 1
1740 0
2192 ?
3147 ?
2141 1
2357 0
39 ?
1711 0
47 ?
3701 ?
2270 1
2548 1
4400 0
3130 1
4513 ?
2184 0
3956 ?
917 0
1946 ?
583 1
3813 ?
2027 1
2814 ?
1012 ?
2333 1
3900 0
3085 1
909 ?
3879 1
1231 0
3357 0
3814 ?
1113 ?
2619 1
1564 1
3266 1
4224 ?
2637 ?
3026 ?
478 1
233 ?
2001 1
2216 1
1285 ?
816 1
4060 0
3726 1
1823 ?
2378 0
3105 ?
871 1
589 ?
3740 0
568 ?
668 ?
3828 ?
4503 ?
247 1
2841 1
1236 ?
2780 1
2780 ?
1554 ?
3932 1
419 ?
2222 0
3216 ?
2051 1
4125 0
3948 1
785 0
3896 0
1274 1
3187 0
4092 ?
2727 ?
4057 0
133 ?
3822 0
4123 ?
3974 ?
2389 ?
4586 1
4323 0
4579 1
2900 1
3137 1
1983 1
3001 1
4019 1
3114 1
695 ?
1624 1
1095 1
387 ?
4061 ?
474 1
4285 ?
3598 1
1525 ?
2296 0
259 1
527 ?
2899 0
163 1
2214 0
4173 ?
530 ?
3171 1
3484 ?
1549 1
1457 ?
890 0
1992 0
1868 ?
4361 0
813 1
670 ?
1322 ?
3221 0
950 ?
2862 1
1461 ?
854 0
233 ?
1411 0
987 0
149 0
2575 0
2875 ?
2701 ?
3613 1
1451 0
2468 1
2905 0
199 1
4626 0
979 1
1426 ?
3511 0
1059 ?
1559 1
3208 1
4569 1
662 0
3788 ?
389 1
3507 0
500 ?
2167 1
4479 ?
4511 1
1236 ?
4523 0
3746 ?
1050 ?
588 0
1341 ?
70 ?
4615 ?
1817 1
1229 ?
2457 ?
93 1
451 1
832 1
589 ?
1610 0
3855 ?
2878 1
3442 0
1217 ?
1083 1
3957 0
155 0
3551 0
1111 ?
4618 0
3836 0
1611 1
907 ?
101 1
2478 0
2000 0
3094 ?
1807 0
3177 1
821 1
2148 1
4218 ?
384 ?
105 ?
2673 ?
888 0
2476 0
2403 0
3154 ?
4129 ?
1187 1
3222 1
4032 0
3319 1
1284 0
2894 1
3270 0
2193 1
434 ?
605 1
354 1
2773 1
1642 0
2780 1
1669 1
3015 ?
4297 1
1987 ?
2910 ?
2424 1
2522 1
3696 0
2247 0
3235 ?
4312 0
3056 0
3632 1
1943 1
3447 0
119 1
3539 1
2622 1
1035 0
1321 ?
2807 1
3694 0
2221 0
1393 0
951 1
1461 ?
1314 ?
3744 1
40 1
3389 0
3556 1
3034 0
1088 ?
512 1
4066 0
3665 0
541 1
3768 1
1482 1
1196 0
1964 1
2199 1
4260 0
2244 0
124 1
632 1
3 ?
2133 1
259 ?
72 0
3328 0
3046 0
453 1
2373 1
4021 0
180 0
1444 1
3605 ?
2427 ?
734 1
3852 1
859 ?
2329 ?
1352 ?
476 0
592 1
2386 1
2051 1
4157 1
498 1
3424 0
4552 1
2500 ?
2596 1
2110 1
4563 ?
2589 1
1979 0
2464 ?
280 ?
1157 0
1094 0
2995 0
3630 ?
4361 ?
2417 ?
1950 0
2272 ?
4359 0
1879 0
2292 1
2961 1
4061 1
2236 ?
2514 ?
603 ?
1753 ?
1604 ?
440 0
3547 0
1381 ?
4188 0
3356 ?
4523 1
2006 ?
2000 ?
3148 0
1342 ?
1119 0
293 0
3733 0
343 0
1967 1
1172 1
1269 1
999 ?
1041 ?
3354 1
3433 0
92 ?
3855 0
3692 ?
3614 ?
4520 ?
795 1
3697 1
3771 0
1943 ?
1044 ?
2372 ?
1505 0
2600 ?
489 1
2238 1
73 0
4225 1
1160 1
3838 1
3386 ?
608 ?
4221 1
1975 0
4508 0
433 1
4394 0
2625 ?
3241 1
2132 0
2689 ?
1984 ?
1487 1
630 ?
258 0
1321 0
4586 ?
2050 ?
1383 0
1698 ?
4022 ?
2401 0
2130 1
79 0
331 ?
81 0
3883 ?
3377 1
2972 ?
252 1
1274 1
1385 0
519 0
3693 0
1303 1
2270 ?
1535 0
1697 1
4529 1
2307 ?
345 1
1315 0
1814 ?
89 1
2172 1
3233 0
634 1
523 ?
4524 1
3434 1
1342 0
927 ?
4205 ?
567 0
4236 0
3696 ?
2646 ?
1186 ?
3091 0
2946 0
362 ?
4303 0
1410 1
75 1
1199 0
279 ?
523 ?
4386 ?
2666 0
4499 1
4298 ?
4066 ?
2239 0
996 ?
3452 1
3266 0
4222 1
312 1
956 0
2189 ?
2516 0
463 ?
3019 ?
735 1
14 1
459 1
2936 ?
4266 0
434 1
4601 0
592 ?
3253 0
3322 1
3940 0
523 0
2839 1
1659 1
2116 1
3951 ?
3495 ?
2041 1
1949 0
616 1
3872 ?
1271 ?
3114 ?
3064 1
159 ?
574 1
720 ?
704 1
2679 1
3718 0
824 1
2125 1
479 1
265 1
2665 0
2095 1
337 0
2484 ?
1753 ?
1466 1
1185 ?
3215 ?
652 ?
4274 1
1338 1
421 ?
1329 1
284 0
2476 ?
1630 1
1519 1
1775 0
3770 0
1872 1
1640 1
2945 1
2465 1
883 ?
1075 1
615 ?
431 ?
3273 0
2740 0
3331 ?
4305 0
4438 1
1466 0
3273 ?
3521 0
709 ?
2911 ?
667 1
1680 ?
2751 ?
3774 0
1746 ?
1381 0
1733 ?
4398 ?
1200 0
4326 ?
169 ?
1961 ?
1531 ?
800 1
220 0
4347 1
2403 1
2266 1
4534 ?
4300 0
4488 1
2737 ?
2929 0
586 0
4023 ?
4086 1
43 1
3532 1
3035 ?
1404 0
552 ?
2926 ?
4527 1
3994 ?
2159 0
1005 0
1679 1
2326 ?
170 0
488 1
879 1
3960 ?
2572 1
2920 1
3711 ?
1997 1
2185 ?
3960 0
1803 ?
765 0
2808 0
3454 1
1579 0
728 ?
2352 ?
321 0
3705 0
3619 0
579 ?
47 0
457 ?
2220 1
2044 1
3288 0
1363 0
4535 0
2556 0
2529 1
2003 1
4087 1
3448 1
2044 ?
2162 1
3229 ?
3243 ?
1280 ?
3285 1
1128 ?
1766 1
1872 ?
3640 ?
1362 0
2983 1
401 1
118 ?
177 1
2514 ?
2229 ?
1156 1
1321 1
1056 ?
995 ?
241 0
2323 ?
233 1
3673 1
2851 1
92 ?
3743 ?
3013 0
1749 1
952 1
2531 ?
3950 ?
221 ?
3815 ?
424 0
2957 0
3196 1
2483 ?
4617 0
1342 0
2336 ?
3763 0
3814 ?
4303 ?
1162 0
1596 ?
3748 ?
1073 0
3294 1
486 1
2418 0
1210 1
2423 1
4219 0
841 1
581 1
2392 0
3674 ?
4094 ?
4114 0
1655 0
1947 ?
1767 1
496 0
772 0
828 1
3770 ?
3423 1
1350 0
2114 ?
2236 ?
1308 ?
3929 0
503 0
4232 1
3537 ?
3680 ?
2485 0
2711 0
2564 0
1469 ?
610 0
2973 0
4319 1
2322 ?
964 0
2237 1
2337 1
827 ?
683 0
2350 1
326 0
374 0
3354 1
4042 1
1084 1
3211 ?
1756 1
1791 1
1706 1
3270 ?
2816 0
1746 0
1339 0
438 0
3310 0
3996 0
3298 ?
4396 1
3593 ?
3978 0
810 1
3496 1
123 0
1209 ?
2049 0
774 1
2486 ?
1326 ?
1012 0
1940 1
822 1
348 1
373 0
40 ?
2137 ?
3009 0
2188 1
431 0
1899 0
2057 1
3693 0
3266 1
4116 0
2456 ?
1708 0
3063 0
3226 0
3742 0
1630 ?
2333 0
3965 0
4096 ?
2987 1
117 0
3710 0
2971 1
2877 ?
1533 1
1023 0
4320 ?
3302 ?
2541 0
146 0
273 1
1679 ?
2506 1
1159 1
3485 0
488 ?
524 0
754 1
3850 0
2986 ?
1036 1
4336 ?
3237 ?
4276 ?
1966 ?
4407 0
1504 0
1348 ?
3507 ?
1454 0
2751 1
1844 ?
3327 0
1906 0
2925 0
2634 ?
1892 0
733 0
2727 0
1208 ?
1511 1
2458 ?
1627 0
3651 ?
3616 ?
355 1
2738 ?
1163 ?
212 1
640 ?
1618 ?
4451 1
2223 1
205 1
3992 1
2570 0
3390 0
107 0
3556 0
2169 1
357 0
2602 0
2499 ?
4152 0
1505 ?
525 0
3832 1
2190 0
1441 0
1385 0
3096 0
115 ?
736 0
3662 ?
2435 1
275 ?
4406 1
3969 1
2040 1
4584 1
657 0
2671 0
1000 0
1087 0
3483 0
3480 1
575 0
2617 1
3080 0
2793 1
2729 1
3222 0
4619 0
2000 1
4232 ?
503 0
3159 0
3478 ?
1633 ?
2158 ?
345 1
4525 1
270 0
4251 1
215 ?
2700 0
1417 1
1320 0
866 1
4262 0
4425 1
452 1
1031 0
2323 1
322 1
3334 1
998 1
878 0
3772 0
1502 ?
899 1
1055 1
227 ?
3491 1
4091 1
2067 1
1972 ?
1693 ?
1278 1
3879 ?
1570 1
2555 ?
126 ?
4377 ?
2279 ?
2067 0
312 0
3281 1
2221 ?
4356 ?
3314 ?
1856 ?
3178 ?
1485 1
224 1
2856 1
1576 1
724 0
3907 1
3838 1
2748 1
1711 0
4588 1
1551 ?
4436 0
1251 ?
1601 0
946 0
1855 ?
2523 ?
1112 ?
3544 ?
1964 1
1810 1
306 0
1853 ?
4264 1
1903 1
1454 0
4007 1
2549 0
2945 1
2259 1
686 ?
1377 ?
3641 0
3330 ?
2992 0
585 0
1265 0
1206 1
2812 0
1286 ?
3080 0
2090 1
2440 1
4355 1
899 1
1874 ?
1466 ?
1895 0
235 ?
1268 0
3276 1
4120 0
987 ?
4507 ?
2448 0
1956 1
1380 1
1768 1
2154 ?
2626 ?
1265 ?
29 0
42 ?
1285 ?
1954 ?
1446 0
3127 1
150 0
1374 0
2308 1
1569 1
3153 ?
1744 1
1567 1
3042 1
2222 ?
600 0
2835 ?
2579 ?
2865 0
962 0
1336 ?
1639 ?
652 0
3259 0
803 ?
2849 ?
1763 1
3804 ?
4232 ?
2095 1
2204 0
1407 ?
2350 ?
223 ?
3473 1
2159 ?
1458 ?
2032 ?
1625 ?
672 1
1626 1
937 ?
4128 ?
3665 0
1259 0
682 ?
1665 0
3085 0
2952 ?
643 0
1807 1
3681 ?
1861 0
3902 0
2041 0
3423 1
99 ?
1207 1
447 ?
4638 0
2666 ?
4006 1
2164 ?
2430 1
732 0
4054 0
768 1
4519 1
4642 0
2964 1
4570 1
2570 0
1939 ?
3221 0
1504 1
2240 ?
418 1
495 1
4594 ?
351 ?
1418 0
845 0
3605 0
4234 1
128 1
2556 0
4159 1
1572 1
1059 0
4320 0
3673 1
3733 1
4051 0
3529 ?
659 1
1435 ?
3735 ?
726 0
3223 1
2226 1
1989 ?
2961 0
3757 0
3813 0
3367 0
875 ?
1493 0
4466 1
2740 0
1494 ?
1558 ?
1514 ?
4340 0
1063 1
1840 ?
1966 ?
2285 1
4010 0
4412 1
2971 0
670 1
1750 1
2721 ?
2708 1
817 0
3422 ?
140 ?
1827 1
2955 ?
4303 ?
2031 ?
4601 1
3964 1
2906 ?
3866 0
855 1
1539 1
113 0
4538 0
4621 0
2363 ?
486 ?
4144 1
950 ?
2338 1
4186 0
4168 ?
999 0
4308 1
3492 1
650 ?
2440 ?
4305 1
4344 ?
388 0
824 1
1131 0
2065 1
600 ?
375 1
2784 0
2665 0
3576 1
2470 ?
103 1
1168 0
511 1
1059 0
3994 0
1206 ?
1359 0
4149 ?
1352 1
3515 ?
3077 ?
3873 1
584 1
1227 ?
3829 ?
347 ?
1192 ?
1534 0
4270 ?
381 ?
2483 0
2198 0
2813 ?
3654 ?
648 1
2170 0
525 0
1672 ?
2237 ?
1849 ?
26 0
250 0
3107 1
3030 0
639 1
2769 ?
604 ?
665 1
3594 ?
253 0
2919 1
3132 ?
2352 0
4335 1
2408 0
79 0
2642 ?
3978 1
3380 0
4095 0
1162 ?
1861 1
1120 ?
1635 0
1180 ?
2394 0
3392 0
1470 ?
2732 ?
3168 ?
1257 ?
1267 0
1171 0
3693 1
847 ?
677 ?
2938 1
2923 0
3532 ?
872 1
599 0
2875 0
3424 ?
3766 1
382 ?
1704 0
2606 0
49 1
4634 1
3014 1
3156 1
4177 ?
3182 ?
2945 ?
1379 0
3317 0
3683 ?
3634 ?
3388 ?
4133 0
1007 1
1305 ?
3272 ?
1983 ?
476 0
904 0
1426 0
1690 ?
1045 ?
3689 ?
4048 1
1505 ?
907 ?
349 1
1433 0
564 ?
2655 1
3569 0
822 ?
642 1
2480 ?
4385 0
3671 ?
1562 1
185 0
2394 ?
2896 0
4604 1
3230 ?
2765 ?
39 0
2352 1
961 1
1186 0
4094 ?
439 1
727 ?
2308 ?
2379 0
2477 ?
3190 0
3483 1
1186 ?
1283 1
1935 0
1508 0
3662 1
577 0
3808 ?
415 1
3820 ?
977 0
3762 ?
3806 ?
1127 1
2443 ?
2418 1
1581 0
2920 1
2348 0
1207 0
231 ?
107 ?
2830 1
3832 0
2993 1
4639 0
606 ?
3511 0
2348 0
2502 1
157 0
2900 ?
1475 ?
2808 0
4057 0
518 0
1111 1
4622 1
1872 ?
2086 1
2608 ?
3006 1
4280 ?
1190 1
170 0
1736 0
2894 ?
30 0
44 0
2370 ?
3647 0
3192 1
455 0
913 1
2822 ?
2483 1
660 1
2932 1
1893 1
912 ?
475 1
2631 0
1068 ?
3514 0
4072 0
1716 ?
4641 0
3312 1
821 ?
1829 ?
2825 ?
4398 ?
1608 0
273 1
4113 0
1261 ?
2198 1
2303 ?
393 ?
3288 1
405 1
1154 ?
4395 1
2789 0
877 1
670 0
2544 1
474 ?
3003 1
442 ?
1407 ?
1037 1
1688 ?
3297 1
2114 0
2946 1
4358 ?
837 1
4002 1
2627 ?
1046 0
3207 0
2649 ?
2231 1
2531 1
2943 1
3570 0
4412 0
1206 0
505 1
2575 1
1731 0
41 ?
3624 1
2033 ?
1705 0
2554 ?
3451 1
2870 ?
4223 0
1653 0
2940 0
1665 ?
4438 0
8 1
1387 0
3608 1
2930 1
1312 ?
2186 0
1733 0
3723 0
2338 1
1422 0
2502 0
2550 ?
3432 0
2837 ?
970 0
2487 0
4435 ?
439 ?
679 0
3940 0
2382 1
3998 1
1166 0
2965 0
1701 ?
3519 1
1866 ?
1311 1
2284 1
3174 1
2165 1
2928 0
684 ?
1071 ?
307 0
3039 0
1534 1
803 ?
4094 0
2726 1
1532 1
1824 0
540 1
3178 ?
1780 ?
3935 0
250 0
453 0
2615 1
1233 1
2271 ?
4388 0
1041 0
1868 ?
4193 1
24 1
3865 0
3920 ?
2092 ?
1084 ?
260 1
648 ?
3404 ?
1350 ?
1089 ?
4166 ?
3531 ?
2301 ?
2496 0
4489 1
593 1
1494 ?
606 0
634 1
1734 1
4635 ?
3230 0
1894 ?
194 1
1337 1
2135 1
393 0
3468 ?
4370 1
23 ?
3646 1
4239 0
2857 0
62 1
4231 1
3101 ?
3246 ?
2966 ?
3304 0
1881 ?
2360 1
1220 0
238 1
4362 ?
3005 0
4613 1
1385 ?
2600 1
2464 1
357 0
926 0
570 ?
1221 ?
3113 0
3738 0
935 ?
3557 1
2548 0
662 0
3473 0
1401 0
3213 0
1936 ?
2584 1
1863 ?
1122 0
3810 1
3949 1
3984 0
582 0
2514 1
162 ?
4601 ?
818 1
1396 0
846 ?
4520 ?
4076 1
1835 1
2671 1
2019 ?
2621 0
3673 1
2388 ?
1671 1
3040 ?
3649 0
1254 1
868 ?
4403 ?
3721 1
573 ?
3032 0
2683 0
3967 ?
4131 0
573 1
1109 ?
1223 0
422 1
4353 1
3756 1
3454 ?
728 1
3752 1
4358 0
3913 ?
473 0
381 1
1881 1
4141 ?
733 1
3063 1
1784 0
1805 ?
1923 1
4089 ?
571 0
283 ?
1755 ?
1445 1
4095 0
555 ?
1953 0
4570 ?
2499 1
3945 ?
2436 ?
1133 ?
992 0
4177 1
2234 ?
3213 ?
1409 ?
3752 0
2949 0
2223 0
4553 1
2791 0
4580 1
2112 0
2292 1
511 ?
3365 ?
3959 ?
3614 ?
1296 0
1898 0
3111 ?
3827 ?
4537 ?
2426 ?
2884 ?
2555 1
771 ?
3844 0
3205 1
996 1
2796 1
2386 0
488 0
4028 1
4007 ?
3943 0
1596 1
3369 1
3140 1
1113 ?
2521 1
4055 0
4092 ?
683 0
2216 1
1209 1
993 0
1983 1
812 1
2795 0
3754 0
2816 0
427 0
2840 ?
3134 ?
1958 1
4330 0
1048 1
2878 0
3120 1
3871 ?
1991 ?
3156 1
1958 1
4341 ?
2225 1
1801 1
3596 ?
495 0
1707 ?
86 ?
2498 1
536 ?
3175 1
1187 ?
694 ?
926 0
4480 0
3533 0
431 0
997 1
1030 ?
3021 ?
3507 1
1262 0
43 1
1556 1
3704 ?
3928 1
4356 1
1484 1
1986 1
3354 ?
2493 1
1799 ?
2939 ?
1182 ?
415 0
1696 ?
2942 ?
3265 1
2220 1
4016 1
2144 0
2046 1
2259 0
1441 ?
252 1
829 0
1939 1
3551 1
333 ?
3056 0
1150 ?
4222 ?
2946 0
4339 ?
2637 ?
4198 ?
458 ?
4223 ?
4138 0
2454 ?
3348 0
4636 ?
2460 ?
1089 ?
2324 ?
3190 1
2723 1
3588 0
2223 ?
4056 ?
2037 0
127 ?
926 ?
1618 ?
2551 1
522 ?
2795 0
4047 1
2552 ?
3446 ?
1614 1
2065 ?
3534 0
636 1
874 0
2286 0
4595 1
1194 0
3772 ?
1287 1
4308 ?
3182 0
193 1
3361 0
2531 1
3726 1
2921 1
4465 0
194 0
3174 1
3283 ?
1468 ?
2284 0
358 1
2535 ?
522 ?
3486 1
3093 1
3857 0
1608 0
2574 1
35 ?
54 0
379 ?
2904 0
330 ?
2162 1
3509 0
2671 ?
3669 ?
294 1
2930 ?
1456 0
1587 0
3010 0
1641 1
833 ?
3283 ?
2701 0
764 0
1808 ?
770 ?
3104 1
2406 0
4557 0
2915 ?
619 0
3542 0
3987 ?
4041 0
1943 ?
751 0
3961 0
651 0
3024 1
2089 1
170 1
2405 1
940 ?
2166 0
2550 ?
1160 0
2527 1
2613 1
3051 1
3678 1
2611 0
4244 0
2285 1
1079 1
3994 1
2705 ?
3536 ?
2963 0
3684 1
3611 0
4159 0
2707 0
2915 ?
3141 0
3407 ?
132 0
2914 1
2515 0
4343 1
856 ?
1435 1
3016 0
3500 ?
3510 0
646 0
1402 1
457 1
4429 0
4071 0
4539 ?
311 ?
4000 ?
787 0
1586 0
616 0
1671 0
3285 0
1048 0
2963 ?
1799 1
2364 ?
2380 0
3778 0
1865 0
436 1
1557 ?
3880 1
3770 1
1555 1
273 1
3469 0
1151 ?
235 0
14 1
823 1
368 0
3839 1
2570 1
852 1
68 0
3396 0
2952 ?
2418 ?
2721 0
4097 1
605 1
917 ?
2118 0
1411 1
3705 1
1446 1
1015 ?
2007 ?
2376 ?
2869 ?
2253 0
508 ?
1747 ?
2583 0
545 0
4523 ?
1079 0
1593 0
1752 1
1274 ?
3130 ?
930 1
3275 ?
4050 ?
1056 0
4524 0
2077 0
4479 1
4137 1
2081 1
2621 1
4509 1
3399 1
3508 1
1441 1
2538 ?
76 1
775 0
3012 ?
4116 ?
3932 ?
3740 0
4041 1
1695 1
4627 0
2831 1
3280 ?
2618 0
1227 1
4460 ?
300 0
4584 1
3029 ?
630 1
474 1
143 0
1574 1
2988 1
2302 ?
3383 1
2693 1
4053 0
3405 0
4591 1
4548 1
3995 1
2722 ?
1842 1
1592 0
2504 1
3063 0
3235 ?
1654 ?
3187 1
3097 1
452 ?
960 0
2067 1
130 ?
3211 1
3913 0
1253 ?
4636 1
3699 0
1260 ?
4455 ?
3554 0
1739 0
413 ?
3943 0
345 ?
2809 0
525 1
3444 0
3705 ?
2070 1
4067 0
1709 0
3026 0
4370 1
1855 1
1958 ?
2063 0
2416 0
247 ?
666 ?
2889 ?
2643 0
1360 ?
2926 0
2575 1
2526 0
4021 1
4519 ?
945 1
4052 1
3644 ?
1652 ?
4219 0
513 ?
2267 1
3244 0
804 1
3870 1
4478 1
4221 ?
4619 0
4044 0
453 ?
2667 ?
3984 ?
4 0
4229 ?
159 0
1412 ?
4320 1
1102 1
4259 0
1483 1
3339 1
1214 0
1027 0
3159 0
1400 1
2268 1
963 0
3103 ?
4232 1
3491 1
2643 1
3768 ?
1992 1
1900 1
2919 0
2534 1
921 ?
4065 ?
865 ?
1570 1
19 0
1308 ?
695 0
1295 ?
1720 0
1462 0
4239 1
3771 1
2295 1
3978 1
3794 0
4131 0
2618 1
1070 ?
1011 1
4542 ?
2652 1
3218 ?
1314 1
3978 ?
150 1
738 ?
3231 1
909 0
112 1
2983 ?
2518 ?
3726 0
967 0
3943 0
365 ?
2157 0
3737 ?
1085 1
3536 1
4606 1
1770 0
1947 0
3534 ?
258 ?
3009 1
3372 1
3859 0
4061 1
3845 1
1118 0
3619 ?
4322 1
4437 ?
3524 1
4141 ?
2278 ?
2263 0
575 1
2483 ?
2944 ?
318 0
1959 1
1784 0
3591 ?
3428 1
519 ?
4575 0
4518 1
652 ?
676 1
3163 1
2242 ?
4626 1
3390 1
2678 0
1266 1
3935 1
3099 0
1116 0
2964 ?
3359 1
3138 1
3811 1
2350 1
3997 1
1800 1
403 0
2555 ?
928 1
1546 0
1007 1
254 1
263 1
1772 0
3722 ?
226 0
200 1
763 0
3994 0
1857 0
271 ?
4334 0
4408 ?
2669 ?
3172 1
4172 1
3273 0
3485 0
4274 0
1269 ?
714 ?
423 ?
3962 ?
1155 1
1218 1
10 ?
1924 0
1907 1
1496 1
533 ?
4124 1
1838 ?
3404 0
3310 0
2517 0
3217 ?
1427 ?
317 1
666 0
4052 1
2695 0
1415 1
4364 ?
342 0
2111 ?
89 0
1160 1
2028 0
1151 ?
3675 0
1536 1
4171 1
3243 ?
673 0
2442 ?
282 0
2416 1
3304 0
1359 1
511 1
1350 1
4044 1
1182 ?
3568 1
413 ?
2069 1
2061 0
3494 ?
271 ?
1810 ?
2823 1
3298 1
3274 ?
2377 ?
2541 0
2191 0
493 1
3479 ?
4349 ?
4378 ?
321 1
4324 0
913 0
1879 0
329 1
3689 1
2689 ?
1768 1
3185 0
1019 0
3513 ?
1370 ?
3979 0
1685 1
3094 1
3244 0
2588 ?
3695 ?
1337 0
4071 1
790 ?
3745 ?
4419 0
3889 ?
2371 1
106 0
2020 0
901 ?
4523 ?
3006 1
891 0
2805 0
2887 ?
2195 1
272 1
1866 0
1124 ?
3285 ?
3405 1
1186 0
2395 1
1690 1
4180 1
906 ?
2487 ?
2097 ?
1999 0
4123 ?
2488 1
3834 ?
340 1
2143 0
4141 1
2872 1
3378 0
4315 0
1587 ?
1120 ?
988 0
1627 ?
286 1
3016 1
3113 1
4548 1
1300 0
2314 ?
1332 0
1322 0
529 0
3539 1
1768 0
1480 ?
280 1
2058 1
3556 1
526 0
4447 ?
1777 1
4042 1
336 1
2047 ?
3516 0
3682 0
2750 0
1935 0
744 0
2331 1
4319 ?
274 1
561 ?
2921 1
2956 0
879 1
1384 ?
1456 1
1312 0
1201 0
1187 0
1865 1
1757 1
2163 1
2316 1
1319 1
2084 ?
3298 1
377 0
2111 1
2585 1
1250 0
3864 1
3545 0
4093 ?
2237 ?
3802 ?
2029 1
344 1
917 0
4600 0
1770 ?
1112 1
213 0
470 0
888 ?
3002 ?
3832 ?
1881 ?
3085 ?
1651 ?
1240 0
3924 0
198 0
942 1
411 ?
3486 ?
3054 ?
3328 1
1096 1
2513 0
2404 1
944 0
2642 0
1087 1
2258 0
3249 0
973 0
1567 1
2810 1
3785 ?
2407 1
2339 0
1127 0
2110 ?
2102 0
3267 1
787 0
1427 0
4599 0
1131 0
4300 ?
1773 ?
4003 ?
958 1
603 0
4224 ?
1786 0
108 1
708 ?
4496 1
4202 1
3717 1
2013 1
4539 0
827 0
2216 1
1595 1
2039 0
3477 1
2170 0
4140 1
3117 0
4561 0
486 1
2008 1
329 0
1117 ?
3302 1
576 0
