255 246
625341770 965513753 783197637 422269708 823266546 56730267 42139484 528751690 116452791 639172015 583987736 956120497 954425336 989946431 442268970 696196747 98399800 825049265 119440006 66142276 789723823 867612415 861989357 751179936 90569293 425554060 419486097 382456175 769240450 538228467 325401639 378661055 268253241 857908362 948388064 497073460 943359313 206021712 190825948 788503646 58483599 263136311 82792328 574555966 890286642 34926446 213515108 325281469 50380589 538836992 579830302 444829586 236388208 960142478 200060996 599657355 96614749 911469855 609537857 26119468 432505886 876951373 3958019 59192210 233165927 136005453 172498720 439586354 567779940 743171767 450082677 732231069 912170411 891176083 293267420 370094363 111824978 994400875 328810346 630988517 868104436 991843167 446533177 168978092 882169792 35535291 959735394 628915730 866632453 325255501 891049977 811036985 747442756 595404286 15855209 867180372 404721580 711915751 967849879 127823652 366869466 190004791 941762554 66101070 877238889 818614368 878151063 388574207 269263181 196546795 795158773 60763303 54075750 149506422 812238377 785631907 951796007 767748241 487549890 663764467 667798409 867015280 378506859 231614922 767151108 529772711 97527405 585740044 815926132 671973073 72451772 76556689 236561252 179641746 616804294 481264256 370745276 940091898 164198932 878471195 957083860 520723664 591243086 729745823 202736930 639428740 856212229 27939605 788297716 196481728 396219735 764899132 573124655 645798557 431504270 470787425 295053469 154630207 313172285 932536203 729256522 32889138 962862879 923825636 701685951 386580710 235568121 662865785 332827099 975484371 892783026 200046528 780227404 909645066 298250564 272028432 930275212 173745902 895562150 980880058 292118143 814242383 249836701 962854832 897570544 662445096 685835575 738856623 753089427 530352818 566441772 798385338 233557467 764537830 769160889 226430340 410018276 582827044 267733593 451655731 15471491 450064512 331447426 207614611 243676840 16277811 563756727 788948552 995065903 591594003 657035059 964140267 972475538 692398554 911477744 312454703 206040169 735752946 653417126 352918199 982306453 741704731 391246053 283099061 734046599 839775569 23771327 678769838 843177116 572800498 106092277 522584582 471299375 284994922 676706674 778709683 823219910 675069692 483635232 246558840 740868942 808043543 894666776 843309825 256028224 719140577 742804255 159889665 654532398 989758161 487965605 87616608 311873520 781475546 116553733 
0 9435
0 1593
0 1290
1 8271
0 5219
0 1846
1 6867
1 9690
0 1259
0 8479
0 8913
0 2709
1 3902
1 6645
0 790
1 6098
0 8122
0 1510
1 8075
1 212
0 7450
0 4972
1 2346
1 710
0 5632
1 2392
0 5444
1 8168
0 3638
0 9930
1 3411
1 6932
1 2493
0 9219
0 2749
0 6438
1 8420
0 8110
0 5041
1 2682
1 8063
0 7372
0 1000
1 7642
1 6427
1 9439
1 663
1 5500
0 7046
1 6616
0 1088
1 828
1 1115
0 3278
0 8229
0 9188
1 2184
0 5176
0 9541
0 1816
1 8801
1 634
0 730
0 9681
0 4897
1 1361
0 1847
1 7353
0 4533
1 9958
1 2971
0 4536
1 5526
0 7970
0 4324
1 6964
1 5917
1 3687
1 8678
0 28
0 8299
1 9810
1 4173
1 5654
0 8223
0 4704
1 8405
0 5085
1 978
1 4689
0 8853
1 8954
1 6443
0 2018
1 5560
1 802
0 1368
0 7616
1 6361
0 8807
0 8683
1 5950
0 8513
0 5686
0 3378
0 2362
0 2309
1 9351
1 6732
1 770
0 7571
1 1546
0 5888
1 3822
0 7848
1 9622
1 1412
1 2940
0 4520
0 5868
1 9978
1 1432
1 5134
0 2443
1 7928
0 7947
1 1204
0 497
0 8093
0 7777
1 1596
1 228
1 2087
1 267
1 4851
0 9461
1 3307
1 2818
0 1174
0 1451
1 794
0 2072
0 4820
1 1890
1 943
1 7778
1 1706
1 5996
1 7129
0 4819
1 221
0 1951
1 7180
0 3270
1 37
1 9147
1 2413
0 8453
1 6126
0 435
1 6733
1 9626
1 3211
0 8021
1 7480
0 7155
1 1726
0 1270
0 455
0 650
0 3504
0 3655
1 7147
1 2942
1 516
1 4426
0 4890
0 2574
1 900
0 1393
0 7712
0 6092
0 3
1 2939
1 3625
1 3197
1 787
1 5507
0 926
0 7996
1 425
0 2685
0 8465
1 3177
0 3377
0 4279
1 2287
1 7367
1 6522
1 4310
0 8671
1 2076
1 7228
1 4378
1 2794
1 7044
1 8249
1 8194
1 9085
1 7627
0 77
1 5269
1 3677
1 8416
0 8527
0 9720
1 95
1 4599
0 2149
1 129
1 4558
1 8723
0 5279
1 7979
1 7430
0 4613
1 1220
1 5107
0 7200
0 4572
0 4063
1 8025
0 963
0 5053
0 2524
1 1467
1 9286
1 5924
0 1776
0 1528
0 7371
0 9341
1 4986
0 3518
0 1868
0 1372
