83 109
821 776 953 231 254 767 239 547 501 182 793 935 983 209 405 706 805 818 360 314 96 399 127 120 423 398 307 634 372 181 307 51 956 745 593 432 560 991 129 48 758 806 0 353 66 632 782 307 770 235 74 214 231 542 601 985 155 451 0 41 708 133 803 394 41 108 704 657 478 953 170 920 740 651 426 674 377 868 58 643 53 628 402 557 649 363 485 53 928 182 983 495 373 94 916 61 807 217 239 370 221 505 377 618 880 863 635 111 982
958 353 476 303 353 30 220 938 432 237 41 463 904 555 723 761 860 969 849 910 162 280 821 529 657 218 136 173 171 483 425 643 736 924 651 18 217 362 770 459 643 239 975 702 904 898 103 482 807 210 149 877 34 856 843 931 604 800 189 11 572 219 472 615 542 655 432 899 99 221 313 888 135 240 549 414 494 558 47 914 138 707 367 358 991 904 654 222 317 881 679 51 96 898 488 480 605 199 419 873 511 865 177 848 316 834 767 335 401
936 519 933 680 566 947 349 603 181 994 108 485 847 220 455 712 248 266 582 481 695 170 184 495 25 777 809 22 151 277 517 459 78 165 148 821 91 757 454 166 362 571 982 691 259 272 850 331 99 387 672 424 103 867 104 966 790 40 501 473 34 966 946 517 485 654 657 391 212 13 653 420 423 991 4 306 610 765 755 733 138 546 429 425 543 927 314 283 811 416 553 394 523 625 433 394 403 733 688 384 57 540 697 778 625 140 69 410 2
462 11 718 550 904 617 575 926 645 569 943 250 702 147 276 77 592 125 631 191 264 44 897 399 252 868 680 178 482 448 504 468 262 474 432 85 758 51 111 623 383 396 201 888 251 179 119 655 988 305 934 507 462 514 344 255 440 134 59 22 394 562 805 375 298 105 131 662 783 723 225 687 777 653 742 886 150 70 820 73 642 19 761 361 663 636 421 320 478 300 776 129 115 179 663 686 17 354 848 793 409 705 793 583 260 451 76 741 210
298 381 981 419 44 889 526 842 881 646 839 24 501 580 467 67 12 957 951 914 651 692 918 403 916 731 867 208 908 748 972 448 585 746 515 723 815 851 522 13 36 83 360 999 560 571 736 993 971 612 472 318 4 645 850 528 859 833 430 568 756 86 530 901 675 201 918 950 779 561 95 959 102 681 342 271 281 854 430 137 676 307 478 695 488 63 879 447 735 981 765 329 499 616 615 940 969 452 1000 408 481 276 757 316 584 148 136 195 801
335 34 748 298 903 156 583 806 774 394 719 812 912 870 560 159 602 267 994 887 788 925 241 134 559 272 926 654 188 470 469 42 444 460 851 678 763 120 641 233 973 537 926 4 141 669 494 298 249 22 634 357 27 150 765 996 646 86 278 55 504 625 380 474 538 182 918 110 913 372 164 313 481 850 557 697 583 251 736 379 744 522 293 124 953 581 74 219 331 437 331 415 416 539 824 558 723 934 514 596 266 562 840 869 53 685 725 187 448
390 545 612 908 182 312 846 689 32 823 62 762 554 197 649 353 294 558 85 856 957 668 679 830 956 593 464 341 360 142 297 254 91 237 379 645 542 846 617 67 486 512 10 667 76 6 136 863 671 852 340 689 81 444 355 13 718 797 65 904 26 675 598 323 408 241 664 438 522 630 747 239 7 289 32 149 451 426 523 818 846 190 92 163 421 748 578 325 731 332 972 988 904 358 542 81 824 60 955 659 289 28 436 771 354 708 810 344 265
470 686 691 659 650 220 621 54 244 427 630 521 630 913 216 671 70 508 658 580 465 687 208 565 599 980 512 755 316 437 314 797 331 331 191 429 398 34 161 912 819 411 275 46 702 770 351 745 379 361 655 973 610 1000 333 906 704 114 524 720 700 632 875 740 892 978 713 83 38 992 445 767 117 171 123 23 944 549 468 926 907 444 650 467 722 533 332 658 462 761 645 123 368 634 250 886 978 63 647 589 350 741 149 436 308 180 581 742 225
442 508 396 643 972 707 535 812 919 547 85 823 267 607 516 985 39 456 529 587 582 422 528 985 69 636 217 403 274 435 365 177 868 757 482 95 511 278 839 646 702 506 184 212 621 641 928 273 687 364 900 624 539 889 934 107 832 937 310 126 436 524 894 911 895 100 35 921 423 474 737 920 228 400 486 761 237 698 991 988 199 848 57 543 176 190 198 946 341 745 927 913 148 948 835 719 79 447 400 436 3 395 965 768 302 393 121 719 881
292 468 712 594 803 172 563 258 888 301 862 938 467 420 299 75 77 232 507 666 717 268 52 257 282 782 848 329 826 261 281 599 896 369 142 353 953 643 297 926 894 560 270 553 129 728 247 57 216 35 755 772 668 787 114 58 33 837 214 766 694 889 152 387 227 697 621 393 524 116 678 710 112 1 424 757 120 219 80 399 898 902 966 378 880 284 193 796 830 745 229 680 526 14 849 561 132 1000 891 827 841 319 376 355 292 542 468 671 848
723 818 365 553 605 123 766 462 157 891 849 65 522 724 721 157 400 54 160 420 363 308 411 557 695 759 542 471 675 242 631 418 558 274 450 529 541 829 810 413 232 303 295 962 502 19 122 472 940 947 641 135 879 757 957 133 816 824 392 14 361 208 648 750 402 268 798 420 456 959 665 252 395 651 321 922 695 883 162 903 772 768 379 290 49 155 551 735 218 353 173 32 731 908 305 845 699 913 699 802 446 520 574 17 66 775 130 732 782
823 205 704 173 548 294 281 718 13 321 529 273 267 965 27 48 241 406 798 970 124 163 424 844 934 868 746 745 293 240 486 72 905 624 496 193 226 936 11 156 390 535 467 398 597 485 840 507 866 306 908 23 816 893 559 372 2 642 876 676 862 188 299 251 552 476 620 329 433 263 688 135 819 97 435 780 625 840 702 736 515 909 233 36 938 479 787 992 799 935 226 691 257 121 275 232 605 409 219 721 708 569 96 156 221 731 696 736 994
822 403 491 964 188 58 791 365 591 298 511 46 653 612 282 426 301 764 511 955 36 346 404 586 745 680 122 163 198 846 642 780 263 492 167 486 319 494 36 411 904 392 101 769 30 456 393 496 828 939 332 313 953 641 194 537 456 139 178 4 410 929 784 904 547 882 84 265 223 57 174 951 285 439 609 198 2 716 964 34 391 391 523 365 7 993 991 201 778 346 81 94 84 357 349 659 906 884 939 374 958 627 489 714 483 858 520 627 224
785 325 634 52 664 9 398 57 226 296 75 970 650 813 199 98 251 96 480 917 582 293 158 487 405 975 219 519 510 189 395 759 591 895 238 20 348 516 700 194 143 999 855 660 227 180 361 598 745 431 106 791 428 646 642 684 822 565 680 371 732 286 917 406 474 38 243 817 708 199 587 608 775 793 71 136 412 955 363 333 760 394 202 635 128 380 808 768 795 1 474 137 240 669 60 814 121 973 79 499 834 33 360 373 850 910 598 739 559
942 960 603 862 674 115 891 669 422 214 647 445 698 678 422 314 214 581 850 370 411 745 77 274 580 928 478 863 593 185 59 786 124 423 569 74 391 392 454 76 227 31 16 855 43 655 644 414 468 187 561 162 592 470 598 122 203 685 698 866 294 479 66 866 338 262 331 66 148 413 670 53 104 889 948 668 857 984 863 852 588 471 311 523 982 541 496 547 730 543 475 533 649 125 347 827 493 175 437 521 569 12 73 435 96 664 656 645 569
707 364 199 344 338 733 891 526 35 976 350 54 206 788 487 49 653 212 288 316 167 257 929 690 941 809 639 275 298 568 334 914 326 19 720 750 434 485 186 532 627 303 814 577 428 562 378 94 442 703 219 354 879 824 454 421 339 305 725 277 215 471 529 302 636 205 653 632 301 614 712 102 554 537 668 953 240 336 697 517 799 360 13 381 258 267 808 97 528 126 169 38 431 555 231 730 711 983 573 619 85 630 621 190 12 856 214 483 400
948 628 730 531 995 654 429 751 316 435 515 237 743 733 55 301 35 91 207 583 119 356 265 914 973 231 903 528 716 966 996 98 15 608 693 487 299 38 181 368 295 322 271 246 816 189 970 637 597 931 550 157 166 346 288 996 188 353 847 620 57 779 60 888 771 282 258 195 843 742 958 846 706 683 802 511 632 323 905 549 745 748 137 702 914 9 534 309 674 273 862 621 317 959 980 876 931 632 380 744 795 63 795 173 554 992 481 878 511
1 591 306 303 374 566 51 979 790 453 689 327 593 966 338 649 387 639 951 24 69 521 319 982 826 343 620 62 874 247 65 356 68 457 20 318 853 239 423 827 384 376 1000 508 664 177 842 751 328 453 736 866 264 735 606 699 422 249 621 153 433 106 693 653 640 740 52 465 140 224 720 222 659 76 236 262 903 433 269 43 319 139 766 980 205 423 120 117 328 58 490 78 185 602 471 701 929 889 844 517 812 620 373 163 284 461 686 432 457
907 887 417 929 701 899 820 923 535 261 407 571 371 543 181 959 553 635 313 347 96 477 196 330 562 646 588 816 465 869 271 511 382 756 652 810 504 882 78 55 399 579 505 37 647 431 592 560 123 810 871 437 656 300 964 5 504 552 699 622 387 86 349 740 142 628 811 904 90 501 337 186 81 943 933 350 784 558 405 835 963 822 120 388 287 5 379 176 874 685 988 471 621 880 38 548 644 128 689 399 395 866 306 628 528 632 11 955 355
617 942 147 482 579 985 668 550 890 665 440 789 357 275 412 565 502 669 585 763 617 267 8 349 81 642 90 728 119 495 622 382 740 294 643 601 477 192 157 853 104 322 195 665 254 716 432 416 506 298 26 432 10 673 189 384 671 118 922 77 180 518 742 875 834 353 611 287 965 892 638 115 256 843 512 288 579 119 370 567 864 495 602 815 966 1 489 539 55 302 138 716 882 781 6 92 617 441 474 19 491 261 57 620 327 624 124 415 661
316 981 763 138 791 973 27 228 746 921 856 446 980 747 326 403 685 294 239 65 279 535 377 988 864 306 762 316 380 326 31 913 690 458 787 374 799 195 799 838 605 152 834 982 193 398 391 394 897 134 615 214 245 174 856 306 329 836 688 970 164 496 89 112 845 854 212 877 401 216 924 550 440 702 21 57 543 590 739 318 817 166 663 306 862 621 455 393 605 42 580 476 513 22 316 0 600 948 454 169 54 268 870 167 867 957 100 982 523
188 509 430 850 50 791 415 324 313 608 748 209 173 155 702 500 782 55 117 548 262 57 974 829 692 711 185 160 697 312 935 129 530 878 281 367 688 441 161 443 662 914 586 987 691 118 988 395 136 359 338 289 118 606 110 907 71 989 726 277 84 166 247 952 979 445 936 107 144 924 951 112 405 544 942 87 480 753 463 588 277 711 18 870 821 210 202 0 940 456 775 516 772 801 592 49 88 676 631 652 393 62 905 211 729 650 24 818 206
234 458 174 64 102 292 444 168 54 626 226 287 729 21 337 194 553 410 44 620 503 991 10 141 271 937 9 207 414 2 158 27 337 947 215 791 182 741 513 31 488 392 290 256 569 269 324 453 780 412 296 170 950 183 112 322 311 29 323 748 203 497 152 114 307 68 380 688 596 324 671 277 557 405 546 569 250 390 623 657 217 258 967 116 403 155 901 421 747 974 569 527 554 572 759 929 991 82 917 44 265 803 676 408 833 274 988 541 888
706 875 202 569 892 639 458 193 109 243 301 338 873 18 896 189 188 600 57 142 410 332 544 161 449 528 655 334 704 854 5 839 21 879 662 147 24 125 883 445 353 543 909 742 35 809 169 82 204 897 988 953 580 715 476 619 267 119 300 697 729 185 428 28 962 775 156 498 225 45 213 614 664 721 410 497 490 690 662 358 961 68 349 181 222 7 74 372 766 711 262 363 194 830 176 383 209 552 393 900 434 10 43 203 207 330 122 639 255
858 390 234 470 782 160 372 645 587 205 754 462 319 299 764 479 890 150 124 443 720 251 740 107 323 379 749 271 267 588 970 510 984 781 561 383 326 162 895 892 434 507 954 701 414 853 78 122 459 341 762 626 349 715 196 584 51 161 192 277 683 703 162 978 798 541 96 966 839 445 33 849 352 550 706 775 134 744 517 455 774 100 843 528 231 681 515 500 960 677 767 943 277 904 177 807 998 847 498 222 147 918 796 907 581 95 574 420 315
364 447 310 835 224 868 464 860 68 901 340 575 707 993 773 491 647 26 157 120 767 394 282 324 975 254 557 640 179 198 298 918 67 906 342 147 121 400 390 700 326 619 175 297 817 789 956 341 24 976 339 338 561 363 84 435 568 621 946 373 549 203 461 623 816 142 612 444 576 41 535 359 382 906 478 666 960 1000 850 424 961 380 248 640 90 873 746 682 177 991 862 85 538 84 746 255 361 214 657 432 817 845 796 647 99 377 981 838 157
416 797 550 579 976 689 360 684 408 85 279 665 370 835 89 937 735 190 139 182 495 363 239 488 969 528 168 776 423 900 768 25 206 114 824 459 643 247 119 462 557 821 423 564 12 352 939 138 319 214 118 200 55 161 424 951 420 88 701 233 921 339 915 919 639 334 823 812 137 653 582 509 617 336 235 820 205 979 370 952 573 240 853 822 707 65 168 9 653 998 716 852 34 304 192 129 695 156 705 177 145 105 316 440 158 752 317 64 116
535 333 488 313 526 178 122 83 326 14 399 379 449 861 51 518 74 332 847 916 355 949 425 722 83 108 563 860 556 155 187 225 698 826 747 788 876 853 194 856 336 710 855 240 317 511 477 972 251 843 730 947 680 363 224 341 960 945 240 486 467 35 629 323 197 47 232 702 297 16 667 367 720 990 253 751 232 618 255 243 858 983 579 102 118 883 365 811 523 993 494 867 208 377 405 586 739 66 598 775 655 652 656 500 495 946 900 723 143
890 717 349 367 266 456 625 988 117 604 424 828 120 185 412 823 359 554 778 554 490 592 744 977 595 466 341 452 832 671 180 305 474 147 606 698 51 895 241 566 171 489 940 626 647 715 340 830 624 300 974 445 951 44 167 844 169 545 959 885 315 939 342 762 72 871 87 349 814 890 82 939 51 650 625 397 239 913 223 646 292 88 62 386 628 994 446 110 839 568 903 595 377 799 387 88 416 692 334 570 507 660 805 58 345 889 489 299 171
827 331 875 847 900 864 377 235 474 957 904 594 767 186 8 360 900 906 188 861 291 251 400 370 367 148 585 594 183 950 649 899 435 771 686 658 57 749 348 963 821 629 539 418 410 134 75 127 693 235 130 748 781 649 830 105 814 286 452 419 334 117 591 328 650 993 488 631 467 988 477 685 945 522 519 268 163 719 362 405 322 169 11 968 503 459 440 753 419 907 724 518 300 362 284 169 97 658 463 166 314 345 98 254 524 83 687 593 991
234 39 644 495 296 807 62 249 134 853 722 593 612 538 215 51 487 860 193 506 633 804 459 6 719 840 864 999 951 855 133 723 725 141 689 821 558 205 941 294 446 213 517 68 981 902 281 664 665 2 669 15 169 712 280 694 459 574 162 511 816 125 69 669 747 1000 652 870 730 567 478 238 263 432 839 496 738 432 362 31 591 972 361 822 983 461 983 346 397 846 684 732 562 618 314 5 748 429 454 497 457 691 539 406 792 942 105 16 511
992 371 132 459 481 307 955 342 114 934 752 332 551 238 309 575 804 192 80 612 112 720 916 735 86 589 176 294 139 598 697 328 13 754 344 945 206 475 612 80 352 764 534 540 108 288 694 967 756 656 909 686 47 98 107 294 934 439 446 688 200 827 479 652 975 414 703 617 698 572 757 519 134 146 975 785 462 302 522 732 234 965 147 505 239 532 56 310 551 292 940 323 11 323 322 2 834 670 957 927 849 333 494 131 245 222 134 752 571
10 493 862 925 720 291 687 22 981 642 189 592 570 59 97 775 665 792 198 818 893 534 122 72 979 318 893 645 89 559 517 315 815 319 824 16 831 997 779 703 680 459 180 962 524 583 670 274 497 878 473 456 319 869 902 262 303 322 201 956 840 43 767 149 939 73 912 556 547 386 799 384 913 925 367 944 529 429 243 159 420 986 672 798 355 607 9 496 343 5 986 159 316 164 688 698 189 695 118 39 148 0 254 635 418 218 518 702 626
952 824 836 324 289 228 217 181 382 191 237 966 183 26 20 621 429 27 417 569 907 793 307 669 163 652 628 136 421 638 438 241 906 694 283 191 663 927 20 551 936 955 653 382 719 195 453 470 811 674 744 208 937 162 52 703 406 430 837 213 177 968 528 781 751 593 800 713 381 279 96 111 545 925 489 214 392 855 828 64 459 315 708 471 813 273 315 180 248 928 632 714 288 978 579 852 208 213 120 522 910 709 834 239 169 334 977 597 266
601 868 459 306 481 548 579 200 504 316 528 731 965 996 718 917 821 111 646 76 468 928 175 524 94 327 990 561 868 35 849 332 430 934 33 81 860 726 376 574 102 759 366 704 497 459 275 578 927 515 357 601 555 735 196 951 268 637 695 597 199 684 808 972 723 174 247 234 462 409 472 676 419 364 527 918 621 316 714 315 57 330 918 643 610 893 639 119 911 949 661 65 289 653 964 853 300 651 399 103 970 527 613 565 203 831 457 139 123
965 485 262 184 693 516 794 257 364 186 121 521 195 988 20 21 395 733 876 949 515 674 293 727 284 545 602 396 173 297 349 670 496 587 143 576 886 938 662 153 102 656 923 387 589 478 252 784 30 25 659 796 476 579 563 996 393 165 110 117 995 606 82 795 32 932 703 878 82 464 52 26 387 427 108 331 334 711 472 514 904 179 718 415 301 838 780 305 192 674 281 351 317 696 91 349 144 24 940 343 315 69 798 572 700 326 6 432 486
92 666 765 677 410 93 832 33 143 441 666 384 102 932 246 903 156 750 867 325 23 32 258 981 163 24 272 356 780 422 942 40 756 714 500 789 921 888 15 536 336 791 514 32 335 201 704 799 234 123 887 501 433 942 149 203 941 383 207 300 857 349 827 961 562 1000 682 226 333 828 712 532 761 790 721 744 209 715 777 405 400 136 599 843 818 104 761 992 950 295 379 333 948 874 604 87 131 259 743 690 461 54 894 425 529 147 442 58 638
732 543 306 883 998 674 457 788 766 199 988 883 24 948 230 855 334 851 782 598 308 18 44 435 397 641 565 248 602 313 586 90 189 776 462 742 933 595 199 596 666 815 561 977 964 479 343 394 402 634 998 727 505 762 725 328 412 552 354 490 421 66 966 330 109 63 738 592 252 510 260 367 157 340 741 551 695 155 470 862 881 97 138 477 145 521 814 606 365 706 303 26 269 848 474 789 813 62 620 665 183 788 922 42 278 306 776 783 803
35 238 323 316 587 746 770 386 728 736 643 84 428 477 663 858 869 854 315 668 387 520 138 202 382 157 676 855 518 74 384 883 137 640 119 984 606 930 589 10 743 337 14 736 657 658 770 421 451 151 368 345 10 654 883 691 122 319 78 134 118 38 943 664 535 892 190 338 706 208 750 255 616 170 757 394 152 381 827 207 259 158 745 916 665 139 1 954 57 671 674 914 211 270 558 564 168 506 367 977 634 285 280 246 296 20 171 494 77
698 98 74 162 963 382 234 800 602 548 903 101 856 404 988 645 315 391 563 987 799 918 317 760 452 563 523 315 73 648 9 972 702 950 44 708 408 753 632 427 549 271 517 536 869 315 291 493 225 720 483 577 253 879 451 908 4 155 915 919 671 409 986 573 378 664 927 997 194 8 632 73 379 711 762 299 597 892 457 927 70 882 498 879 73 929 424 905 695 33 273 706 30 746 756 577 632 3 593 670 485 728 561 108 916 721 489 468 336
862 695 909 583 121 550 123 438 604 512 636 300 866 654 824 83 943 721 778 834 215 277 716 34 82 263 432 37 837 159 991 954 567 511 396 893 801 836 985 522 372 316 129 780 899 902 0 324 782 36 288 217 824 167 762 163 606 869 471 10 2 184 42 345 341 62 395 694 224 707 968 131 836 591 1000 999 546 291 466 107 50 72 115 579 801 992 444 586 49 675 882 597 40 342 539 237 26 133 931 227 513 163 531 987 322 981 608 202 690
148 323 958 185 815 860 52 380 947 360 849 826 669 725 773 383 216 352 238 794 639 573 719 639 444 758 441 644 756 852 440 694 541 952 733 328 861 341 510 376 564 648 210 435 442 687 584 862 72 490 449 522 968 272 981 752 396 919 729 400 785 75 260 706 9 248 309 319 370 385 549 351 684 78 100 592 455 131 215 103 388 408 778 849 355 620 166 429 733 841 240 405 725 106 468 412 664 898 109 779 937 556 13 882 276 508 29 625 468
71 470 959 129 717 915 105 656 682 664 633 4 672 842 455 336 232 276 115 739 462 397 888 124 259 486 385 621 846 646 906 892 68 580 69 942 860 632 76 321 32 351 601 965 819 343 595 277 62 142 530 275 382 67 381 351 994 347 995 725 921 311 217 317 262 215 424 465 775 619 90 175 20 375 969 503 221 189 705 954 457 208 558 656 346 583 936 272 779 700 218 517 348 580 911 370 868 28 719 859 1 38 866 805 139 969 790 642 329
277 264 994 783 738 780 117 15 637 519 934 132 433 775 797 748 179 887 279 65 523 615 917 123 990 523 564 389 366 865 772 71 695 691 403 286 1 483 223 300 939 52 328 734 813 375 480 258 588 255 530 774 961 637 39 299 732 146 140 534 154 445 726 837 492 191 105 944 274 594 296 433 660 751 79 326 324 250 651 693 872 675 391 424 771 968 453 25 425 635 694 271 776 675 956 439 483 24 511 400 198 130 395 613 382 692 864 408 564
96 788 209 568 485 24 504 522 201 713 453 623 997 903 513 195 483 960 769 586 122 236 634 61 686 262 182 389 425 316 422 122 318 578 731 133 610 672 138 210 174 4 356 109 100 695 134 373 947 678 241 244 897 793 581 169 536 907 845 501 96 866 406 10 402 456 592 333 480 794 317 319 772 344 383 332 666 288 90 174 594 203 608 80 895 892 174 473 990 329 771 729 923 591 181 280 870 404 920 39 879 563 139 130 729 233 765 744 315
709 480 662 860 558 46 352 720 637 711 926 972 42 153 188 747 597 229 700 494 324 667 118 261 232 199 351 232 666 213 783 151 429 34 574 342 46 627 513 285 280 550 94 255 217 234 863 341 117 555 861 83 134 862 429 37 888 693 580 759 11 152 112 875 836 538 618 972 323 742 642 737 759 12 633 342 884 897 906 644 743 165 931 894 546 40 841 11 791 422 193 18 298 966 190 292 67 179 832 875 945 796 275 696 648 233 205 955 919
848 455 943 488 176 342 757 634 214 838 673 366 70 614 253 2 72 857 249 628 954 108 186 800 200 731 626 697 888 899 428 780 387 750 724 915 8 311 584 225 871 671 211 535 430 605 723 672 726 782 122 319 973 23 304 962 218 699 965 619 424 393 302 611 608 511 407 565 27 564 175 629 230 362 951 942 276 218 485 464 654 971 329 668 147 789 53 937 638 17 308 127 82 918 657 907 722 914 878 119 707 92 134 602 919 843 929 142 733
215 943 425 376 905 513 128 497 218 790 830 161 786 825 394 89 248 494 501 306 747 177 846 620 997 737 61 972 225 438 811 266 539 848 618 355 708 338 158 412 13 755 493 715 101 553 304 84 595 339 356 876 392 641 229 20 373 728 155 431 599 529 118 420 69 202 215 19 18 446 843 657 61 497 205 525 945 99 406 204 841 919 242 527 84 680 306 662 236 163 902 888 858 189 225 805 396 329 445 342 749 662 843 909 464 398 438 886 209
869 998 897 252 56 230 700 286 877 842 838 788 613 949 270 429 731 876 756 474 656 4 839 420 696 736 575 486 898 1 4 664 562 594 594 513 740 896 530 529 705 680 478 158 919 946 678 685 664 100 255 967 606 971 624 920 773 18 385 148 43 27 555 284 70 309 161 715 791 785 234 659 558 295 85 336 700 393 836 151 404 500 154 663 837 441 654 322 76 773 419 925 239 237 841 649 936 813 729 43 99 154 418 815 494 3 613 400 817
265 989 7 202 615 612 774 996 728 680 590 887 164 312 139 834 530 679 176 58 612 697 941 370 258 537 991 285 922 172 426 601 158 206 157 248 250 791 982 745 351 412 989 471 501 937 240 876 750 3 800 578 716 883 934 600 619 356 345 134 887 225 596 673 161 34 179 48 116 976 292 823 670 630 545 39 594 203 550 543 877 406 458 626 10 862 531 292 38 490 167 633 710 4 664 372 450 994 494 981 379 262 46 502 227 431 493 220 347
844 825 147 954 701 137 692 992 933 85 702 654 488 576 797 948 681 534 964 991 921 157 145 342 472 149 429 171 85 956 45 675 57 249 852 126 857 1000 654 902 687 663 391 813 282 746 430 307 2 347 103 453 781 667 616 369 316 540 615 928 569 78 675 251 589 214 556 656 798 880 875 644 794 297 837 527 345 47 114 762 949 589 849 533 340 947 714 11 764 405 878 620 522 159 56 667 518 999 479 419 610 719 487 950 128 172 394 196 348
383 76 866 409 1000 728 644 365 240 786 207 492 782 105 570 23 356 207 142 124 176 414 0 603 403 64 908 676 926 183 878 909 643 140 837 142 454 98 804 515 297 767 585 188 759 887 988 571 389 944 880 791 27 163 357 570 130 748 649 169 879 361 382 31 236 162 569 812 72 232 513 394 560 987 127 481 605 59 774 634 361 477 322 894 617 889 747 790 370 147 846 317 240 477 504 169 590 125 125 277 442 719 260 102 37 651 64 392 584
150 894 60 342 273 982 383 514 127 617 433 559 834 383 409 657 94 508 321 27 407 923 540 854 70 585 686 892 460 889 285 562 680 737 658 635 935 416 476 680 708 818 851 632 597 414 513 820 864 44 649 637 151 292 160 171 120 186 395 964 312 47 748 912 43 813 865 438 664 879 976 319 156 76 312 243 415 200 961 819 80 659 621 41 679 389 305 439 473 506 175 773 313 484 637 592 327 241 933 159 905 596 472 229 460 880 130 680 258
337 166 354 166 986 140 554 186 812 59 882 837 567 744 862 233 93 22 716 21 249 895 368 965 122 708 713 852 486 791 584 489 400 31 852 29 294 181 949 649 936 970 108 701 446 161 601 273 456 276 486 446 78 924 762 780 967 622 818 663 119 39 146 344 953 821 12 407 871 825 136 113 998 179 286 973 844 275 705 78 937 912 638 41 941 301 602 590 644 727 290 361 489 618 175 94 196 439 326 904 194 10 445 180 541 363 406 885 612
513 784 875 818 394 244 256 48 15 670 628 478 362 459 710 522 209 505 609 438 981 860 132 276 579 675 986 61 359 198 101 904 800 357 501 453 969 666 981 578 141 462 505 656 890 346 419 610 187 669 58 307 804 881 867 898 256 607 168 529 919 161 650 79 707 363 216 642 574 94 39 523 824 533 91 178 618 240 563 931 937 834 226 756 851 958 573 249 685 392 983 757 34 257 961 956 955 124 243 874 470 583 71 97 446 130 115 885 701
264 181 743 343 426 132 394 361 67 741 630 97 128 229 649 21 547 504 557 267 733 399 833 185 700 849 632 607 691 229 413 85 350 515 887 897 809 495 441 491 152 313 801 953 667 120 633 503 428 489 949 550 911 215 842 363 133 81 28 586 699 421 181 250 475 704 725 110 639 855 966 183 300 628 263 403 453 496 652 672 274 180 636 414 929 78 454 791 844 793 151 136 70 563 3 661 631 112 388 795 165 260 723 343 235 235 200 739 257
811 819 540 718 418 668 289 311 855 626 617 260 403 523 919 705 295 531 261 86 933 285 636 78 704 714 327 633 831 639 763 1 501 434 923 807 215 310 158 648 231 477 660 190 373 356 60 402 357 903 515 204 563 851 409 342 718 320 54 256 383 862 638 66 12 960 374 56 346 395 360 574 947 271 814 135 698 548 493 108 484 578 752 13 990 594 609 675 881 63 515 354 234 415 612 352 312 937 912 901 141 424 560 205 358 194 208 419 94
675 436 138 185 602 944 657 208 870 191 438 846 589 515 353 307 893 731 701 848 458 126 993 405 667 377 118 565 24 368 130 523 976 461 639 505 680 812 812 878 412 20 897 577 299 35 955 810 845 342 292 424 609 144 490 519 837 572 987 54 102 648 256 616 829 52 773 131 182 273 432 831 898 793 860 705 771 546 401 263 441 103 849 623 39 582 374 368 115 275 667 92 363 941 607 435 292 200 533 398 623 130 246 476 279 665 779 944 669
242 90 591 970 472 743 724 793 951 119 276 289 16 386 30 397 199 155 739 963 186 735 552 989 442 273 545 824 731 549 19 656 864 823 564 288 926 597 243 76 982 185 897 898 165 306 436 650 515 283 540 34 793 122 914 872 440 223 69 534 85 194 824 91 226 982 29 568 93 987 623 504 242 607 10 118 834 171 483 148 549 373 673 422 867 680 403 114 251 187 460 73 518 836 598 369 1 459 453 636 359 724 998 343 1000 354 993 746 209
34 988 64 30 601 415 948 585 6 23 909 253 741 213 27 352 233 942 221 6 358 375 695 125 307 835 897 787 766 204 967 122 277 712 590 812 731 178 969 578 20 823 178 502 613 621 488 106 933 13 701 667 502 874 222 692 849 546 747 881 688 237 160 897 720 361 210 100 970 246 499 910 795 951 524 8 990 982 721 201 54 168 576 21 580 692 492 772 864 245 915 429 702 794 643 884 498 325 181 418 960 36 324 671 6 125 352 783 420
860 647 133 836 683 519 21 86 210 408 318 231 44 205 1 593 492 822 241 567 729 330 259 345 170 588 735 871 858 586 780 339 264 580 386 685 333 892 910 15 449 190 71 712 160 283 739 138 772 223 728 778 664 63 834 412 64 384 782 866 691 936 15 87 957 298 274 34 799 922 736 117 959 823 821 59 407 837 197 248 360 518 56 36 946 918 340 586 247 208 389 266 961 892 442 146 570 174 850 206 154 582 408 154 428 164 601 503 969
835 224 720 773 14 194 483 559 983 593 372 806 377 678 700 163 664 397 729 589 364 693 912 783 768 36 820 389 566 114 133 55 7 88 509 607 182 890 884 355 312 327 647 350 105 890 776 675 242 856 835 361 568 660 541 192 973 335 949 282 609 610 680 110 324 282 725 79 25 234 625 670 205 717 469 974 778 68 263 708 803 571 640 705 496 195 951 458 563 578 185 314 163 346 119 852 63 822 982 172 782 255 408 49 124 963 605 140 516
534 183 351 512 197 982 546 428 825 398 999 484 266 427 503 156 496 463 531 660 216 988 109 913 758 895 829 312 790 19 516 152 325 794 993 150 146 850 899 630 317 194 774 108 812 526 8 536 574 699 67 591 801 29 883 524 385 776 414 245 208 5 507 566 313 641 494 654 573 971 306 177 239 148 206 665 131 886 203 414 569 777 781 214 851 54 123 653 874 801 62 514 54 385 606 596 518 378 72 805 890 629 231 105 431 713 4 24 662
782 600 591 676 578 565 524 382 61 837 283 55 992 308 143 910 509 544 515 476 569 795 870 338 420 846 400 673 809 303 610 285 176 897 317 831 557 535 437 845 231 233 139 761 204 559 540 963 4 1000 455 7 596 94 144 439 853 929 212 378 819 480 590 244 821 660 234 958 342 938 905 365 185 89 557 157 899 909 263 566 773 126 719 92 988 334 419 568 226 657 67 806 233 849 177 474 14 201 697 934 629 891 359 379 253 776 958 888 639
684 163 28 66 700 86 415 424 167 977 154 379 366 363 137 477 513 527 813 291 72 888 629 119 360 549 853 216 132 556 945 179 446 353 391 186 753 886 257 801 876 37 64 276 571 352 352 801 922 297 165 897 799 897 548 760 926 385 684 183 917 795 522 919 210 412 236 401 316 110 191 314 915 960 680 380 344 203 107 979 821 63 956 635 632 999 960 36 797 190 122 875 417 960 16 819 939 897 415 321 889 679 595 768 515 376 836 849 183
679 261 555 323 429 487 157 644 481 845 296 273 571 81 718 892 462 768 673 872 920 819 499 447 394 936 376 931 679 648 288 937 274 226 584 993 119 784 573 320 760 343 690 824 885 82 243 239 557 716 696 435 641 32 614 859 27 913 379 15 632 434 565 306 309 430 858 370 521 245 406 534 490 486 153 390 586 101 171 980 45 492 133 105 893 410 262 843 224 283 781 278 863 714 434 332 815 571 473 918 4 339 560 652 158 484 713 600 353
471 31 288 174 50 577 451 131 902 902 905 142 436 675 910 197 400 108 28 735 638 32 332 226 663 59 495 321 245 869 654 548 744 42 912 758 749 656 801 598 91 321 200 465 851 640 293 599 630 685 298 983 641 201 152 788 118 760 471 670 734 693 583 860 422 685 666 672 444 46 228 484 85 965 532 151 325 51 649 441 600 942 166 342 565 73 6 620 660 86 718 854 663 357 584 82 987 269 644 930 838 910 751 184 237 478 687 70 813
421 42 162 797 687 853 33 15 906 553 963 814 905 982 405 899 11 179 881 770 127 233 776 36 114 162 788 787 224 498 3 933 461 192 178 651 963 622 876 832 278 141 346 780 598 887 732 407 173 945 353 300 597 563 826 195 995 809 560 279 936 135 625 484 303 360 146 932 835 213 858 784 843 968 144 148 386 326 343 784 559 550 4 231 179 210 198 556 683 320 410 177 755 159 312 184 319 102 158 800 772 851 683 348 882 386 240 841 764
840 72 717 911 411 714 814 308 313 569 617 917 259 240 893 207 552 527 780 358 315 657 787 229 767 441 521 609 671 449 639 572 585 901 236 393 524 927 525 166 546 671 382 290 206 476 198 23 824 343 159 495 771 87 940 865 344 586 72 561 814 40 830 212 647 635 589 852 777 298 395 230 915 296 337 608 838 138 66 268 546 208 78 900 54 515 759 881 29 783 114 625 714 916 525 549 207 346 374 836 839 146 461 355 14 786 991 735 390
352 571 170 85 55 128 79 430 942 42 785 933 659 931 125 16 160 994 964 734 929 970 150 173 580 219 931 23 754 315 608 985 703 704 534 913 975 892 281 665 387 948 960 394 186 719 418 679 197 909 274 130 2 235 474 310 277 540 402 973 428 585 255 247 297 978 794 321 171 253 746 162 611 532 830 68 759 987 801 111 505 813 185 880 229 957 245 141 314 792 282 27 682 832 147 721 199 46 405 77 564 777 507 896 630 53 528 109 278
108 868 902 962 314 551 250 807 267 441 841 826 982 595 635 114 57 232 365 159 549 617 557 100 686 900 370 285 537 312 561 630 64 456 277 676 325 405 747 244 848 908 887 594 5 804 696 186 128 692 989 130 738 918 150 282 582 616 660 547 996 614 350 578 758 328 147 820 588 898 798 616 872 299 114 93 238 762 190 517 703 296 115 258 521 661 248 195 605 612 457 341 252 571 876 191 985 947 369 724 795 885 804 220 573 287 414 726 676
230 646 826 127 956 982 184 735 267 534 111 939 487 942 233 580 309 241 224 202 573 829 402 924 816 983 406 25 506 874 733 612 541 523 778 146 582 320 320 175 122 306 818 351 131 614 666 686 637 330 850 322 850 767 224 544 592 582 101 107 189 392 363 914 255 820 647 82 133 597 927 127 389 649 304 508 190 886 989 752 183 793 963 637 47 377 971 221 926 588 689 205 279 435 945 187 340 860 478 673 151 585 883 390 426 251 887 980 290
831 352 888 138 160 445 933 328 39 465 943 207 437 63 437 752 867 641 477 393 398 680 355 996 877 820 924 943 176 541 969 288 338 958 166 19 949 831 75 817 866 71 920 843 223 876 595 374 61 870 156 262 109 135 458 683 49 765 884 253 94 568 536 621 138 412 746 903 955 367 999 221 765 701 267 4 873 831 325 389 424 659 673 189 872 428 816 399 687 801 935 844 233 390 655 8 801 589 937 229 547 75 522 663 992 994 331 743 233
710 523 335 843 668 991 898 131 498 8 559 596 757 58 790 242 783 584 784 403 774 887 540 688 768 131 135 29 18 163 999 58 524 228 997 386 468 369 870 968 84 931 298 743 898 856 950 523 367 20 358 861 526 995 391 432 477 784 688 151 899 671 229 102 443 891 182 324 637 630 835 881 263 521 570 302 448 582 815 232 394 257 880 26 477 562 542 125 858 986 521 542 236 863 593 806 560 554 673 569 741 230 81 754 502 969 924 454 478
835 658 864 879 714 684 509 659 231 33 986 120 212 255 772 294 562 890 146 693 356 170 368 444 469 868 940 648 480 876 379 153 351 584 754 651 666 894 716 10 746 721 569 946 541 714 148 24 937 914 13 8 57 256 946 183 579 56 603 477 771 785 414 243 286 360 580 168 710 257 127 814 671 723 622 408 473 469 672 22 345 389 876 810 528 589 947 454 141 398 335 717 837 218 324 20 896 956 419 527 586 14 817 67 555 556 169 770 320
927 7 405 287 134 443 616 987 493 80 119 718 183 983 486 854 285 345 60 922 655 942 125 290 30 757 850 543 229 570 939 752 256 770 714 513 449 919 266 58 279 482 764 499 658 386 791 486 828 186 235 271 359 58 190 462 5 797 466 186 741 27 395 531 900 674 211 35 558 744 39 955 439 819 32 557 480 406 317 84 986 800 254 562 776 910 486 197 923 861 626 721 385 348 244 878 392 346 367 969 762 63 538 833 456 130 916 322 934
115 885 272 746 110 235 130 476 888 386 354 448 409 607 446 457 520 674 33 886 690 658 508 885 448 207 338 187 2 777 535 523 619 1 845 495 746 983 215 966 235 392 894 575 327 106 603 632 473 344 266 670 283 363 18 77 735 291 54 141 603 702 650 570 391 764 445 416 145 945 669 661 833 683 50 132 699 116 97 700 926 259 882 388 89 577 65 896 822 817 514 499 542 644 347 957 949 97 664 607 452 194 227 843 366 849 119 735 439
607 613 22 65 298 655 715 659 512 303 114 507 116 777 712 288 840 38 6 491 251 958 846 910 507 61 839 775 335 241 30 369 954 219 733 369 425 888 312 365 748 343 994 70 44 387 374 931 300 672 908 694 513 863 140 599 91 6 517 29 550 623 433 919 620 363 100 444 799 582 643 233 560 864 415 954 472 707 369 462 607 140 398 52 241 492 574 676 570 251 425 414 793 241 272 301 69 456 193 794 341 391 908 993 495 546 302 614 522
905 146 184 525 381 922 977 456 516 438 67 819 948 982 233 922 746 828 218 564 592 27 894 58 737 911 215 345 242 102 218 701 209 46 145 470 83 700 936 148 210 534 455 772 956 444 17 289 595 865 314 97 846 175 249 576 257 445 566 173 259 663 150 273 456 691 450 441 813 606 357 806 993 149 867 737 388 469 877 576 718 322 248 207 835 418 235 489 511 600 94 605 124 704 997 839 654 399 681 673 58 985 504 998 187 322 413 593 401
875 80 98 932 167 363 585 921 182 85 84 930 597 616 767 221 215 999 84 97 477 901 326 472 330 494 323 737 787 56 680 981 428 968 690 876 820 157 813 332 782 579 648 790 305 943 161 249 685 802 652 977 419 468 517 50 66 404 406 74 447 205 592 761 278 108 58 578 286 217 917 346 113 797 44 769 299 813 883 734 378 141 563 630 750 440 148 346 490 468 883 316 203 821 444 381 987 45 16 858 8 262 936 603 525 145 126 472 490
641 902 479 250 415 686 307 246 956 756 444 220 817 699 224 203 638 280 988 579 374 891 19 700 868 363 812 833 406 23 38 534 37 81 452 362 488 126 870 758 920 478 163 73 117 250 163 974 629 393 685 920 728 706 633 978 66 944 538 533 20 200 821 394 500 285 170 433 949 854 415 658 329 362 272 589 302 240 635 118 679 683 262 804 730 33 300 107 526 899 191 405 864 322 530 168 285 934 557 496 718 737 796 35 288 800 239 393 157
411 610 560 924 942 112 463 791 681 967 538 254 543 246 704 940 314 119 996 911 322 260 43 867 754 778 883 295 685 183 760 735 262 515 147 391 160 549 286 974 579 11 342 104 875 745 502 355 756 239 879 1 407 915 695 312 480 351 855 852 306 550 407 398 696 105 685 22 573 582 211 643 44 484 718 830 554 936 85 464 156 514 156 874 838 469 703 161 330 914 733 205 215 862 194 72 733 635 697 334 104 543 240 470 124 191 335 892 347
59 610 518 322 223 470 548 454 483 185 287 414 988 50 148 943 913 302 837 247 818 978 697 632 141 785 11 688 262 149 92 363 99 68 385 843 767 410 432 183 985 945 396 577 963 213 157 876 860 635 271 189 840 706 516 564 958 919 246 624 285 549 20 788 889 580 482 22 787 989 72 717 111 138 697 927 199 499 494 523 177 191 43 909 168 885 700 667 194 831 936 630 14 634 743 383 196 682 36 986 870 108 452 691 677 245 53 515 941
