555
1 2
2 3
1 4
4 5
3 6
4 7
4 8
1 9
4 10
6 11
10 12
12 13
7 14
5 15
6 16
5 17
9 18
1 19
9 20
13 21
10 22
3 23
9 24
21 25
6 26
19 27
9 28
26 29
1 30
15 31
10 32
9 33
31 34
5 35
28 36
8 37
8 38
27 39
16 40
38 41
8 42
34 43
4 44
33 45
7 46
2 47
5 48
45 49
18 50
16 51
5 52
25 53
36 54
17 55
23 56
18 57
1 58
28 59
9 60
57 61
4 62
38 63
55 64
30 65
43 66
16 67
44 68
15 69
20 70
31 71
12 72
16 73
27 74
12 75
30 76
40 77
32 78
2 79
67 80
47 81
78 82
68 83
46 84
8 85
79 86
22 87
1 88
70 89
4 90
3 91
55 92
86 93
65 94
42 95
47 96
55 97
61 98
26 99
24 100
45 101
45 102
33 103
86 104
71 105
41 106
45 107
66 108
60 109
104 110
39 111
39 112
86 113
58 114
22 115
87 116
42 117
53 118
82 119
111 120
103 121
116 122
4 123
74 124
7 125
36 126
89 127
91 128
103 129
98 130
88 131
37 132
28 133
9 134
80 135
124 136
24 137
67 138
42 139
56 140
80 141
75 142
91 143
49 144
1 145
65 146
41 147
26 148
142 149
83 150
5 151
56 152
85 153
66 154
50 155
36 156
94 157
9 158
144 159
84 160
101 161
20 162
31 163
109 164
92 165
158 166
4 167
95 168
67 169
83 170
169 171
73 172
40 173
143 174
77 175
18 176
115 177
171 178
117 179
164 180
16 181
135 182
157 183
37 184
5 185
153 186
116 187
71 188
173 189
49 190
32 191
162 192
89 193
143 194
29 195
95 196
102 197
181 198
92 199
55 200
133 201
139 202
21 203
53 204
96 205
19 206
196 207
66 208
192 209
62 210
195 211
172 212
86 213
40 214
160 215
82 216
168 217
65 218
189 219
85 220
13 221
52 222
35 223
183 224
146 225
62 226
168 227
56 228
197 229
84 230
31 231
184 232
30 233
61 234
47 235
231 236
99 237
166 238
66 239
99 240
43 241
113 242
78 243
37 244
146 245
70 246
209 247
186 248
162 249
179 250
141 251
99 252
127 253
56 254
43 255
87 256
90 257
123 258
226 259
76 260
230 261
84 262
11 263
133 264
182 265
115 266
92 267
157 268
183 269
227 270
94 271
165 272
185 273
224 274
62 275
110 276
7 277
230 278
159 279
119 280
219 281
104 282
148 283
124 284
207 285
40 286
168 287
247 288
55 289
92 290
133 291
97 292
217 293
215 294
126 295
30 296
154 297
272 298
65 299
79 300
201 301
102 302
136 303
212 304
178 305
40 306
75 307
242 308
177 309
183 310
56 311
154 312
39 313
265 314
234 315
226 316
279 317
309 318
311 319
286 320
31 321
102 322
112 323
65 324
248 325
304 326
183 327
159 328
203 329
267 330
161 331
2 332
86 333
110 334
294 335
216 336
305 337
166 338
66 339
315 340
322 341
52 342
267 343
172 344
42 345
53 346
109 347
50 348
319 349
252 350
178 351
160 352
337 353
51 354
282 355
273 356
131 357
262 358
39 359
228 360
147 361
61 362
305 363
328 364
143 365
222 366
284 367
246 368
357 369
277 370
175 371
268 372
257 373
266 374
49 375
141 376
315 377
280 378
252 379
237 380
207 381
326 382
381 383
380 384
124 385
294 386
328 387
295 388
228 389
269 390
33 391
53 392
169 393
331 394
175 395
298 396
362 397
20 398
45 399
162 400
292 401
80 402
306 403
255 404
182 405
360 406
392 407
190 408
195 409
314 410
334 411
307 412
278 413
378 414
378 415
357 416
332 417
209 418
315 419
18 420
242 421
270 422
134 423
341 424
381 425
86 426
37 427
17 428
224 429
272 430
336 431
292 432
76 433
30 434
166 435
106 436
412 437
338 438
284 439
414 440
229 441
233 442
98 443
9 444
66 445
359 446
123 447
125 448
52 449
212 450
81 451
122 452
81 453
50 454
260 455
217 456
107 457
401 458
313 459
392 460
351 461
102 462
457 463
366 464
132 465
461 466
466 467
36 468
142 469
108 470
402 471
371 472
79 473
247 474
102 475
116 476
343 477
31 478
352 479
372 480
95 481
413 482
356 483
478 484
412 485
170 486
25 487
288 488
174 489
127 490
25 491
169 492
67 493
248 494
483 495
415 496
46 497
363 498
255 499
200 500
22 501
358 502
404 503
309 504
464 505
494 506
183 507
156 508
425 509
391 510
151 511
195 512
375 513
396 514
128 515
81 516
464 517
310 518
385 519
102 520
458 521
438 522
165 523
279 524
466 525
434 526
402 527
192 528
80 529
387 530
31 531
130 532
277 533
383 534
466 535
298 536
17 537
510 538
254 539
516 540
96 541
33 542
382 543
307 544
222 545
116 546
461 547
145 548
17 549
481 550
450 551
296 552
377 553
332 554
279 555
