461
1 2
2 3
3 4
1 5
4 6
1 7
2 8
7 9
1 10
9 11
1 12
9 13
3 14
14 15
10 16
6 17
10 18
1 19
3 20
5 21
6 22
21 23
8 24
19 25
23 26
16 27
12 28
23 29
16 30
21 31
20 32
30 33
15 34
19 35
32 36
21 37
21 38
8 39
17 40
27 41
3 42
40 43
1 44
20 45
32 46
38 47
39 48
8 49
36 50
36 51
15 52
22 53
8 54
16 55
46 56
32 57
57 58
42 59
44 60
39 61
3 62
14 63
14 64
1 65
40 66
3 67
60 68
44 69
59 70
36 71
45 72
2 73
73 74
10 75
16 76
11 77
15 78
36 79
64 80
72 81
24 82
66 83
64 84
5 85
56 86
83 87
55 88
46 89
42 90
80 91
80 92
26 93
26 94
50 95
2 96
29 97
20 98
88 99
90 100
84 101
89 102
64 103
90 104
19 105
30 106
20 107
46 108
71 109
91 110
24 111
74 112
4 113
16 114
51 115
73 116
40 117
23 118
30 119
60 120
115 121
75 122
115 123
48 124
87 125
117 126
47 127
117 128
27 129
27 130
109 131
104 132
85 133
2 134
66 135
46 136
102 137
114 138
8 139
47 140
56 141
23 142
131 143
134 144
23 145
101 146
29 147
9 148
93 149
121 150
100 151
86 152
76 153
86 154
27 155
125 156
94 157
3 158
137 159
148 160
111 161
19 162
76 163
63 164
12 165
17 166
60 167
140 168
156 169
82 170
80 171
78 172
145 173
54 174
62 175
147 176
90 177
57 178
86 179
95 180
114 181
144 182
103 183
26 184
175 185
38 186
114 187
141 188
67 189
12 190
17 191
178 192
90 193
157 194
51 195
151 196
145 197
16 198
4 199
8 200
24 201
56 202
174 203
178 204
171 205
109 206
131 207
45 208
134 209
171 210
35 211
124 212
80 213
29 214
85 215
132 216
3 217
26 218
77 219
167 220
203 221
170 222
138 223
61 224
183 225
188 226
108 227
13 228
1 229
42 230
39 231
116 232
175 233
119 234
11 235
28 236
109 237
31 238
52 239
77 240
90 241
185 242
208 243
59 244
33 245
201 246
27 247
65 248
75 249
123 250
153 251
59 252
145 253
192 254
190 255
34 256
140 257
243 258
64 259
107 260
256 261
38 262
223 263
146 264
250 265
228 266
249 267
1 268
233 269
145 270
160 271
102 272
207 273
200 274
222 275
16 276
59 277
132 278
274 279
210 280
66 281
139 282
129 283
59 284
143 285
282 286
13 287
215 288
50 289
86 290
236 291
75 292
259 293
84 294
162 295
261 296
122 297
212 298
49 299
193 300
143 301
150 302
300 303
254 304
53 305
108 306
159 307
74 308
111 309
242 310
61 311
65 312
89 313
10 314
151 315
304 316
81 317
76 318
303 319
19 320
228 321
101 322
40 323
320 324
136 325
114 326
313 327
51 328
70 329
145 330
166 331
200 332
211 333
41 334
47 335
221 336
109 337
68 338
142 339
127 340
95 341
287 342
293 343
225 344
129 345
263 346
234 347
147 348
186 349
137 350
157 351
128 352
352 353
293 354
244 355
102 356
308 357
256 358
225 359
274 360
136 361
194 362
235 363
95 364
217 365
296 366
207 367
338 368
215 369
81 370
357 371
31 372
133 373
364 374
166 375
249 376
155 377
373 378
350 379
231 380
327 381
271 382
315 383
186 384
275 385
235 386
265 387
217 388
314 389
95 390
247 391
23 392
155 393
2 394
150 395
275 396
52 397
279 398
35 399
383 400
175 401
56 402
188 403
303 404
314 405
372 406
355 407
300 408
200 409
157 410
215 411
308 412
101 413
217 414
206 415
3 416
295 417
22 418
387 419
119 420
39 421
252 422
355 423
401 424
378 425
405 426
159 427
346 428
119 429
284 430
179 431
27 432
222 433
311 434
10 435
343 436
244 437
264 438
7 439
416 440
117 441
322 442
383 443
207 444
357 445
366 446
247 447
8 448
53 449
298 450
52 451
323 452
28 453
147 454
238 455
73 456
109 457
30 458
23 459
371 460
242 461
