344 330
225 107
427 225
135 198
238 170
425 472
909 847
726 184
161 70
616 791
672 463
466 296
550 752
976 104
252 76
737 481
973 99
760 315
23 780
613 402
596 311
63 338
529 273
969 590
561 596
158 409
203 650
639 712
679 400
541 715
352 794
531 729
438 568
110 384
597 164
499 983
188 536
968 590
269 117
643 250
377 676
797 95
23 725
87 634
694 158
292 288
370 673
218 333
438 638
349 878
970 511
182 502
14 980
595 288
354 217
744 744
609 790
691 979
373 225
286 102
512 411
614 894
104 802
645 779
195 293
693 203
2 124
704 484
489 255
294 49
93 394
850 810
953 159
325 797
459 378
782 654
447 986
560 451
812 700
165 981
101 297
93 939
804 327
175 903
48 902
920 916
202 692
33 876
850 326
132 414
320 268
885 686
947 489
385 307
989 429
825 590
295 159
6 473
587 169
316 343
206 79
78 403
826 862
673 266
104 56
604 726
292 154
970 694
519 558
822 724
589 661
13 526
798 76
37 965
833 465
843 500
419 692
50 337
984 165
491 165
812 408
939 140
783 956
917 788
713 179
941 941
636 77
7 839
273 537
971 781
523 388
214 206
438 66
232 285
876 998
202 495
564 965
542 431
766 965
255 624
482 397
279 453
350 717
83 789
811 823
158 551
159 713
597 79
353 718
860 20
407 616
636 209
215 628
541 634
334 312
664 736
291 203
367 772
904 325
733 680
626 923
523 617
497 988
782 173
835 927
960 264
49 285
415 637
426 142
797 305
239 705
933 38
496 123
69 734
97 396
767 200
479 718
425 971
643 111
421 510
856 644
553 8
636 825
446 655
133 775
20 327
135 948
701 25
265 721
685 992
599 906
375 146
232 103
633 853
995 295
232 627
192 22
435 415
350 679
588 264
134 875
764 429
428 422
674 878
640 34
908 27
388 770
202 344
469 90
446 576
302 130
499 176
835 416
135 90
262 884
602 616
774 786
245 460
468 853
677 949
40 496
712 757
321 702
828 900
746 850
284 747
427 830
970 878
637 310
697 487
832 274
578 727
110 518
69 106
22 442
878 555
523 17
632 572
711 299
268 561
21 278
112 346
864 657
51 5
688 185
841 543
55 744
640 699
987 17
773 766
863 961
53 12
781 444
424 381
845 765
956 469
540 50
614 254
555 759
562 361
789 895
159 964
745 212
879 615
170 749
63 878
108 590
814 579
622 860
825 361
113 961
992 447
425 715
601 195
959 258
101 523
776 513
686 986
758 332
330 978
639 512
702 344
841 370
776 686
573 139
192 822
96 997
111 419
416 848
13 506
592 215
90 115
808 929
832 603
290 278
227 928
157 913
49 188
724 885
247 124
30 910
478 586
239 973
356 522
966 89
83 286
407 701
921 850
745 615
839 367
226 816
24 709
774 809
273 624
783 144
145 600
585 133
913 920
913 531
791 500
631 27
601 332
158 973
978 98
988 67
490 128
560 986
603 295
301 201
701 320
923 990
759 794
917 858
436 499
708 931
778 981
852 25
130 816
111 136
871 352
829 819
447 613
291 860
608 610
134 897
