94 42
86 224
533 772
848 6
951 583
554 178
94 890
595 558
454 941
611 335
374 428
544 174
679 427
81 411
168 750
315 106
283 350
980 244
882 650
818 54
33 439
223 107
895 779
306 734
350 317
811 25
215 889
557 987
391 691
895 912
934 464
680 254
516 883
166 757
109 956
171 115
871 514
91 397
831 389
766 96
343 791
915 437
437 572
281 396
720 266
914 279
219 3
65 912
957 132
763 104
761 476
681 575
697 915
97 472
275 599
302 42
652 655
715 496
113 257
426 650
712 55
517 668
898 889
493 931
198 554
761 140
616 581
387 421
610 523
497 324
885 258
5 624
220 743
521 740
207 355
84 189
887 499
953 222
248 88
173 517
18 664
513 669
460 270
545 192
642 241
965 512
162 361
931 310
946 584
52 955
103 303
647 125
626 913
809 233
207 933
