97 59
27 75
50 5
63 52
22 41
20 64
35 29
67 7
45 90
44 97
23 65
76 99
1 56
10 93
30 73
55 4
76 40
89 76
94 48
83 52
92 85
57 75
17 63
27 15
44 27
58 4
51 69
23 57
31 75
32 48
1 3
86 77
29 16
44 37
29 18
90 15
22 12
31 67
19 56
45 15
32 38
72 81
33 55
86 99
11 22
56 44
87 56
30 100
62 28
86 30
73 26
85 51
4 20
30 52
57 79
47 82
56 7
98 100
9 13
35 39
26 30
34 47
82 82
98 20
91 74
58 30
51 52
86 67
9 57
11 20
10 93
35 11
76 13
57 68
96 30
62 75
88 42
19 9
85 100
63 40
88 67
10 82
93 51
33 77
22 100
9 12
8 54
77 5
84 39
85 79
59 42
24 52
63 29
19 95
45 16
15 63
88 56
88 70
