711 722
977 195
413 262
425 29
810 553
939 353
192 989
432 382
338 97
588 255
183 813
886 611
921 640
139 737
240 247
924 719
262 12
992 312
714 316
662 141
304 86
485 522
702 282
298 884
877 436
692 602
351 972
129 358
345 482
496 667
677 919
581 989
945 800
739 532
765 427
676 906
850 163
908 905
249 459
390 352
305 637
700 382
119 163
182 801
455 53
609 6
886 61
536 737
791 658
362 620
158 983
348 104
910 887
141 209
739 134
620 971
769 616
563 835
848 957
910 58
729 980
306 250
661 314
760 690
390 301
129 431
743 458
265 889
689 52
75 728
28 978
787 791
8 72
400 741
455 894
669 69
95 148
693 225
666 730
387 821
695 392
472 275
704 285
792 45
200 133
469 919
296 226
215 588
208 771
277 532
71 447
447 219
624 357
274 721
7 520
182 611
70 720
780 37
917 742
918 239
584 633
803 757
932 705
466 385
124 689
382 614
303 882
523 967
438 799
52 237
816 536
537 230
917 583
297 709
469 583
620 234
222 611
862 557
951 757
447 819
293 829
234 439
81 951
818 8
933 668
353 72
843 852
600 287
661 258
608 886
483 548
480 663
866 224
658 441
398 42
32 732
808 422
264 485
954 862
484 842
794 813
640 389
292 194
4 767
223 942
820 910
538 177
379 324
519 550
162 781
659 283
495 924
84 161
282 798
533 769
333 580
85 837
299 387
571 680
199 629
218 427
739 449
643 862
131 658
238 22
764 804
546 798
173 921
616 43
823 967
395 676
338 837
322 104
684 111
716 375
689 97
200 703
193 147
832 923
315 444
818 726
468 736
375 845
148 396
64 77
607 430
483 378
773 785
585 103
153 692
783 666
51 709
157 552
617 628
647 971
624 442
868 428
408 258
743 273
349 93
388 330
554 181
368 222
289 984
715 579
461 293
570 699
386 523
845 631
271 655
883 772
334 731
75 705
539 937
647 785
52 917
985 576
731 282
900 189
370 861
416 261
54 971
77 96
269 30
45 739
764 643
579 165
107 800
75 568
435 120
45 855
449 150
733 847
87 510
348 849
345 516
478 909
273 73
768 673
785 11
510 907
116 356
71 283
867 439
572 952
868 416
244 851
107 424
685 900
649 307
846 984
787 491
712 274
582 443
418 265
219 554
408 42
262 353
433 762
243 929
980 344
82 456
601 34
510 870
255 405
688 278
186 593
166 22
413 774
29 670
109 132
88 638
359 779
330 971
785 496
10 906
284 125
704 551
708 525
8 215
230 923
537 252
550 629
468 329
625 606
56 280
659 314
881 428
125 22
496 193
160 568
893 362
600 149
367 462
79 431
463 274
283 143
392 455
940 271
129 647
708 243
551 584
325 781
30 651
218 510
545 795
661 692
801 890
456 681
322 814
23 267
460 742
781 647
78 205
789 694
892 354
935 855
659 260
627 216
877 863
380 666
55 713
119 94
280 248
920 309
518 758
510 732
943 824
242 501
33 557
226 828
816 476
716 290
710 492
56 515
464 231
522 805
73 83
497 871
911 233
157 226
2 155
71 67
999 385
117 137
846 21
749 771
780 6
628 188
877 732
644 98
267 302
35 904
384 182
164 989
464 711
108 483
961 606
73 413
68 37
729 110
188 930
416 680
610 478
906 437
432 60
19 457
13 985
581 333
388 136
228 395
230 55
77 797
227 547
436 901
211 336
509 971
53 887
644 833
653 471
380 863
304 825
258 202
683 736
320 354
789 920
886 547
463 302
213 115
454 909
417 439
665 759
240 235
354 247
623 29
89 322
430 506
32 122
84 674
943 154
723 496
993 452
572 863
899 657
866 982
903 308
814 809
124 600
116 24
115 854
730 671
552 145
768 61
944 800
597 865
883 192
44 425
946 96
58 848
634 633
843 438
587 54
3 209
664 526
136 605
486 597
134 703
430 18
12 282
618 926
342 347
804 459
494 202
130 626
410 67
281 450
188 686
303 427
152 196
971 959
727 241
708 733
34 970
68 690
719 782
154 301
354 718
412 415
378 708
958 102
669 700
60 116
429 186
476 520
729 187
815 908
884 606
251 272
826 425
244 484
22 407
844 296
793 683
850 780
834 374
844 345
360 596
546 561
89 823
394 36
208 962
805 364
188 640
420 572
875 716
240 371
823 378
832 434
576 350
206 858
696 688
322 516
694 742
748 535
917 86
809 457
244 351
938 530
556 290
708 119
942 274
4 305
80 515
67 705
307 889
491 77
540 299
449 130
528 161
662 75
373 668
743 321
437 982
318 678
207 575
400 698
129 612
681 739
730 972
265 485
216 674
840 187
331 508
660 632
970 117
137 662
944 983
639 42
546 588
899 413
460 156
776 402
734 768
780 966
516 607
832 262
814 849
965 885
466 350
621 28
754 514
957 463
808 949
714 707
269 208
846 889
825 381
361 1000
190 302
600 118
916 526
61 292
335 4
403 102
372 40
741 478
855 758
110 636
542 322
383 283
332 22
608 86
36 831
868 220
796 186
678 232
724 430
931 431
711 781
729 282
7 212
706 802
487 577
972 323
329 724
345 445
617 346
629 420
965 191
677 284
166 600
61 815
665 627
713 586
421 993
781 461
224 387
6 925
811 990
790 161
693 589
886 523
967 518
325 861
666 68
988 436
298 99
995 751
685 158
765 601
516 939
218 757
613 159
141 903
390 928
938 197
618 815
851 37
709 806
321 403
442 140
357 238
456 27
403 798
962 715
451 465
680 42
428 848
644 767
995 49
86 986
740 782
921 539
284 893
971 273
652 734
27 150
694 500
471 16
331 444
370 510
778 423
313 550
851 557
60 535
99 247
827 130
986 62
425 679
937 720
21 89
474 400
563 41
912 854
493 803
362 364
159 187
796 406
412 580
416 427
859 938
208 140
270 601
805 373
955 671
309 468
375 494
195 590
99 464
43 982
303 72
925 544
84 724
964 318
458 180
239 102
605 980
218 925
27 782
605 860
810 997
154 499
306 317
678 673
303 112
712 287
464 159
760 379
67 765
704 713
187 869
575 398
507 164
591 537
541 502
310 892
124 230
795 517
408 925
322 444
718 656
436 540
632 691
713 899
99 132
510 629
332 837
168 683
185 531
511 708
707 231
123 892
418 814
482 802
997 543
587 92
872 174
265 535
25 166
453 908
947 547
819 377
840 540
778 552
22 741
466 473
569 919
520 314
57 912
172 789
910 388
38 433
