683 239
855 99
702 291
576 13
266 385
307 511
786 483
361 340
456 848
540 274
738 853
456 402
352 78
917 756
191 320
32 1000
770 811
36 989
279 292
14 696
273 39
688 771
132 705
426 404
707 1
766 646
923 238
507 45
443 487
398 853
663 42
129 128
103 836
304 438
298 989
62 625
203 784
473 706
89 477
207 542
983 510
604 497
22 684
651 180
666 541
264 120
215 326
572 376
441 941
413 756
761 165
772 415
531 546
350 85
980 813
223 221
744 95
309 637
534 533
168 382
816 559
795 364
861 403
236 830
749 838
90 505
660 270
393 115
543 613
27 299
714 940
400 189
609 438
157 336
734 571
264 747
764 759
925 113
455 414
908 827
109 264
440 535
672 311
408 28
749 900
183 417
310 308
709 16
929 397
598 250
875 644
986 112
876 157
156 329
825 268
389 443
337 748
745 497
520 832
613 247
853 520
437 921
99 876
925 158
537 54
335 534
187 455
377 347
205 699
837 343
9 992
298 287
773 642
777 644
69 974
974 369
214 416
512 328
376 695
894 753
664 443
789 979
818 417
900 939
654 159
415 90
156 192
59 852
432 911
142 856
702 587
760 452
776 771
180 954
653 176
277 431
178 926
585 372
40 379
993 936
307 962
153 109
395 561
415 235
545 917
956 894
454 420
122 808
606 108
388 861
864 211
42 830
593 693
481 258
940 494
59 614
263 322
908 140
292 636
730 574
629 868
419 526
808 757
347 262
459 173
938 467
598 313
338 47
793 143
822 760
181 716
63 63
431 866
518 254
112 720
835 261
120 92
325 325
979 286
313 588
469 517
730 473
289 840
4 667
468 40
475 110
675 524
28 232
839 127
222 703
113 596
769 386
708 458
459 811
738 721
68 352
716 39
297 443
565 239
871 224
818 1
841 873
16 341
32 883
696 612
191 956
383 237
786 478
703 990
485 884
945 648
178 427
483 374
161 27
42 73
27 676
309 944
315 857
46 969
773 672
192 441
259 361
907 328
472 737
931 211
258 828
811 463
650 389
575 120
648 86
707 495
353 854
63 905
811 873
453 172
103 886
125 852
36 873
723 740
480 709
149 610
737 743
968 553
850 959
653 629
201 450
110 488
307 22
338 849
614 807
523 956
26 660
926 849
878 515
373 673
992 105
368 818
752 552
794 646
46 56
467 521
611 809
781 878
835 772
192 558
231 393
964 306
880 992
676 824
738 240
916 931
753 975
60 583
104 194
795 125
60 16
472 582
808 155
710 365
296 840
777 142
259 551
977 315
962 404
813 546
209 323
582 85
166 728
191 461
286 220
741 141
764 400
71 568
943 163
735 209
297 512
163 887
74 707
493 978
3 188
528 179
248 324
228 371
676 705
221 387
627 447
615 188
501 150
190 160
716 26
598 259
389 366
420 851
414 101
779 96
892 523
875 583
11 290
824 920
23 264
696 954
813 89
378 588
727 296
726 290
529 882
12 803
762 407
739 407
483 577
716 490
369 954
863 419
936 734
535 754
676 890
589 366
334 741
683 437
241 181
533 41
768 425
152 739
253 137
890 479
607 602
172 803
236 930
994 494
289 349
812 940
477 840
104 366
822 600
122 471
475 22
606 565
68 86
437 796
43 122
365 282
718 890
182 766
814 993
445 412
707 678
81 88
228 713
273 680
951 451
728 706
857 764
715 949
811 740
952 580
258 199
149 905
215 172
530 367
673 862
880 222
374 551
571 252
867 862
325 487
491 803
836 228
743 660
536 299
564 564
100 85
603 304
13 537
831 149
404 882
714 914
440 27
968 772
632 598
506 902
633 98
560 793
68 538
419 808
464 806
70 84
174 82
878 653
561 266
6 846
386 332
585 572
740 883
338 160
302 849
712 442
601 202
38 647
673 815
467 632
831 148
179 230
67 455
76 831
501 783
463 217
969 564
486 710
689 725
790 397
836 755
498 40
918 943
535 90
773 162
460 538
101 671
658 813
874 711
623 580
946 16
23 381
409 14
836 998
510 918
985 428
949 350
444 549
341 756
35 778
430 852
351 204
40 655
381 230
857 168
264 278
526 595
982 137
554 431
653 387
314 158
841 89
2 586
823 585
513 73
752 753
728 150
468 146
322 62
845 344
57 664
368 333
496 28
520 640
638 329
941 968
453 120
205 471
726 250
399 188
482 461
685 753
555 617
103 311
106 205
334 147
314 366
339 888
97 951
399 392
480 734
563 640
572 782
839 617
340 168
678 973
152 367
414 268
814 431
527 158
9 891
294 24
348 477
339 176
439 101
26 193
278 480
268 788
882 579
325 105
268 611
123 629
349 901
20 347
22 330
200 326
300 592
319 754
34 277
782 342
908 180
11 987
46 258
832 229
746 677
631 14
127 276
317 9
281 270
95 64
153 391
623 702
266 311
203 761
35 797
513 295
40 864
366 229
418 373
767 225
641 488
689 865
728 816
597 589
307 615
108 91
912 743
49 308
315 146
338 31
63 179
837 536
146 608
66 44
417 169
163 262
808 191
36 152
645 739
239 808
742 364
738 612
121 350
847 3
774 876
83 845
32 457
257 765
928 285
214 106
77 87
662 369
849 641
934 42
964 383
136 420
192 751
500 904
133 210
313 821
348 55
164 44
617 270
685 938
209 127
916 346
474 367
495 902
546 765
108 723
694 580
728 348
927 281
46 760
156 996
202 359
994 269
259 945
502 491
197 284
535 331
463 211
798 695
574 862
610 334
835 80
965 14
237 209
757 71
285 492
925 151
563 699
5 144
579 897
436 311
25 143
406 661
510 367
820 175
263 702
752 707
477 439
590 580
58 866
586 188
585 464
933 735
788 608
552 92
372 466
302 762
328 266
558 439
934 59
211 389
263 597
147 103
136 701
86 848
194 327
836 718
556 226
127 692
98 377
26 231
400 361
602 364
775 923
186 851
189 247
192 495
265 666
706 321
523 806
299 506
739 310
42 835
622 181
825 46
961 629
613 534
815 886
815 890
509 1
599 90
830 34
895 693
496 518
704 43
705 85
197 504
342 341
2 164
276 612
174 164
426 587
771 67
686 330
458 642
196 330
114 441
303 697
643 536
791 828
