57 84
108 639 694 965 506 111 640 180 283 175 508 740 374 508 348 853 979 524 654 642 803 624 633 769 955 478 736 258 721 215 576 542 654 646 767 496 672 140 592 599 65 450 77 629 952 730 431 37 323 351 963 547 431 214 619 605 8 142 703 26 250 105 138 219 61 409 686 259 833 352 481 386 587 182 60 119 961 659 491 808 102 320 440 143
103 596 954 990 683 273 597 16 770 658 129 831 318 601 610 480 321 606 296 161 123 789 580 425 904 838 262 569 509 128 208 371 479 155 163 156 481 920 809 582 812 529 43 10 994 315 165 859 204 846 281 510 486 231 305 765 646 420 675 493 968 884 147 578 131 210 894 757 550 186 907 171 543 243 984 85 384 856 48 368 750 122 335 75
736 157 466 915 177 483 73 431 607 316 426 43 120 537 795 707 754 781 730 896 928 248 848 446 888 919 528 793 633 944 362 433 38 214 73 937 317 60 873 608 260 824 186 348 145 345 176 668 797 987 871 640 257 502 731 733 760 772 732 391 968 399 238 788 566 379 973 120 571 534 369 878 388 637 970 196 79 150 596 410 994 243 759 137
837 547 287 101 651 27 387 530 755 525 273 449 203 42 119 269 922 242 243 974 723 784 31 380 214 930 285 243 134 249 985 596 268 52 574 172 632 518 249 8 645 819 656 238 672 282 311 8 609 982 894 324 665 825 500 926 516 94 173 287 294 337 146 476 191 244 856 780 927 901 934 865 811 767 767 708 782 830 533 995 681 880 918 870
953 618 116 756 586 806 827 109 978 916 668 485 510 419 166 957 995 459 62 199 634 504 967 63 40 857 198 689 754 650 409 415 499 177 317 6 399 421 535 306 895 967 413 316 3 514 414 966 787 950 983 111 830 233 476 650 289 137 416 766 473 528 155 280 97 20 223 229 897 883 683 953 933 82 285 222 343 523 463 517 770 962 839 204
550 672 125 296 592 491 928 898 328 10 890 638 880 97 211 9 539 702 639 645 902 609 447 14 431 885 899 239 249 596 656 922 314 81 763 126 767 223 253 646 515 370 586 913 321 681 839 733 990 917 464 407 482 58 506 463 695 41 778 613 911 656 921 400 46 412 670 821 43 654 712 626 868 264 65 31 457 174 251 745 616 38 106 197
946 238 519 299 669 321 113 48 652 226 280 279 151 332 198 74 633 958 155 890 32 373 535 776 416 624 776 34 842 1 27 33 221 91 839 494 609 837 971 178 856 321 509 467 664 908 523 241 440 864 53 632 548 130 638 468 332 189 497 745 671 181 326 70 850 212 265 45 192 295 288 126 105 49 592 290 813 318 258 596 354 560 256 437
397 869 336 314 16 812 538 956 710 300 574 471 134 612 633 73 541 213 528 213 610 99 754 733 378 983 127 591 465 113 652 899 532 557 612 373 7 465 366 809 41 295 124 140 349 930 253 389 558 65 406 567 713 239 219 106 748 136 112 725 276 280 628 482 524 353 272 709 108 771 184 45 563 215 259 168 292 158 321 9 75 949 194 137
122 123 702 666 410 608 776 863 219 152 881 342 673 515 534 984 815 47 7 55 454 418 15 964 775 477 336 422 769 110 204 180 157 355 268 777 503 680 645 961 56 604 688 246 825 234 167 551 829 529 196 2 255 711 883 931 27 169 726 192 653 379 53 48 924 564 627 306 322 420 161 73 630 504 212 255 325 738 166 537 805 234 475 51
860 151 317 403 386 886 991 339 578 240 701 793 42 43 611 773 289 152 542 431 435 932 604 179 455 4 5 429 313 167 180 773 1 873 416 999 953 202 961 191 192 997 647 580 441 145 294 407 408 753 811 629 859 601 406 734 344 53 106 240 221 23 76 31 360 233 581 389 145 931 680 204 77 671 944 500 292 278 211 584 374 120 794 388
230 642 574 306 737 317 478 900 725 805 344 980 397 511 577 310 658 50 886 23 51 160 323 897 470 757 797 309 989 542 648 320 706 513 571 47 628 638 519 873 32 121 906 990 411 162 92 663 695 196 851 531 741 164 812 40 348 190 160 891 795 36 152 793 217 500 199 92 856 641 782 292 641 221 500 342 582 687 39 422 967 129 561 761
293 786 704 286 181 126 684 672 746 861 309 78 739 660 216 397 939 890 443 539 996 403 40 901 682 26 735 877 898 244 316 246 716 592 87 1 255 0 35 422 4 705 315 514 520 984 762 144 230 417 822 821 885 57 393 392 826 945 606 676 234 198 494 231 875 161 483 987 449 560 4 0 749 889 656 385 195 42 867 338 950 790 689 505
330 451 454 874 494 723 240 911 771 493 496 900 542 977 181 40 281 981 106 5 351 474 805 625 770 607 483 964 664 537 232 849 550 401 261 257 448 515 369 128 190 959 281 596 465 964 680 561 891 326 591 114 922 111 335 809 20 816 198 969 272 313 220 312 341 298 388 577 868 914 297 569 743 536 335 655 747 562 252 329 627 272 916 172
121 448 647 117 945 78 38 209 164 187 750 328 854 703 814 640 933 737 141 755 511 145 579 219 359 494 447 410 710 444 468 573 780 773 414 139 495 616 197 576 42 528 247 166 136 383 166 840 489 902 265 919 174 809 23 969 102 848 63 795 230 373 984 974 860 810 462 299 898 68 536 850 395 943 62 850 715 732 875 578 696 216 14 369
231 359 658 100 133 628 353 864 939 821 783 499 760 212 908 552 5 733 549 373 363 365 559 411 994 747 898 87 688 809 929 335 679 714 887 633 538 85 980 872 55 219 0 314 820 194 986 27 425 792 49 555 543 479 847 912 997 137 727 497 752 982 362 919 996 15 60 796 498 583 306 875 771 420 954 218 881 576 573 122 508 764 590 642
958 110 82 278 184 567 475 90 724 380 820 311 903 877 394 109 416 504 473 330 284 564 441 603 425 616 114 312 79 74 179 158 376 47 694 934 484 452 563 194 751 470 565 746 473 544 456 320 420 704 134 924 884 398 282 822 682 958 245 21 654 548 541 437 269 602 772 18 737 506 130 642 837 831 750 235 459 327 241 967 97 76 749 31
903 361 280 50 358 439 253 22 894 22 490 880 906 43 420 600 468 723 177 531 952 277 994 513 666 949 875 694 745 134 649 712 408 210 239 246 378 174 229 631 850 838 553 131 754 844 814 373 66 328 834 688 11 90 656 301 443 427 576 371 693 679 189 821 455 570 932 801 557 438 243 768 630 407 477 498 618 920 935 455 160 314 580 120
839 783 290 783 231 661 953 76 842 196 658 825 576 572 779 134 368 474 844 347 685 805 400 558 750 288 576 689 809 255 216 402 771 731 929 370 601 419 38 234 199 561 937 289 380 296 236 186 598 944 979 625 119 473 479 126 653 414 397 326 238 688 828 140 696 769 414 804 224 280 650 617 938 866 220 945 238 922 333 649 819 609 670 609
9 21 17 951 728 7 701 436 612 158 873 19 52 779 680 270 166 512 892 938 599 47 182 296 853 324 132 837 778 486 478 503 480 183 147 314 772 660 331 46 85 591 508 952 214 526 627 598 253 672 559 575 891 672 207 326 628 400 354 832 718 812 402 972 835 237 331 434 698 663 983 425 142 377 240 246 641 384 484 0 631 554 498 639
294 110 494 110 777 720 610 229 416 653 538 441 583 712 83 58 95 967 772 970 791 322 518 968 150 834 844 220 782 659 948 954 514 90 890 691 933 220 589 30 240 424 89 950 365 926 962 53 396 244 172 235 872 625 582 41 495 284 844 340 682 377 547 92 759 85 244 635 408 471 903 462 421 632 730 126 98 420 667 264 84 167 811 18
27 605 94 824 121 182 5 812 804 779 861 747 679 985 71 836 430 833 987 548 0 232 270 695 735 541 632 423 905 707 963 829 969 664 55 337 725 396 286 466 736 434 71 433 491 304 980 562 51 583 545 937 998 507 315 820 345 520 803 559 578 928 944 179 750 279 721 300 211 76 172 51 48 382 885 828 469 481 596 326 755 261 96 890
544 806 333 97 745 984 335 670 656 924 79 422 837 524 169 593 306 809 663 9 734 955 991 321 370 726 781 987 581 566 917 48 918 601 795 967 912 328 658 923 886 618 797 561 743 856 810 22 283 109 712 222 367 964 596 350 344 984 680 823 725 598 755 607 802 818 572 543 481 15 349 846 3 444 844 549 853 204 192 915 402 569 175 397
704 220 530 946 205 487 57 705 687 216 296 548 970 687 835 381 699 754 48 135 57 229 283 865 314 756 829 318 429 603 616 17 606 967 503 364 723 393 262 903 409 503 923 983 560 898 989 903 801 464 759 25 768 48 161 852 905 62 612 690 572 182 982 438 566 103 142 863 846 175 854 950 482 242 516 443 671 650 171 992 945 314 506 553
604 575 102 830 83 481 161 168 926 424 958 339 484 552 786 250 422 651 941 528 509 450 328 97 836 454 323 557 245 407 419 666 831 133 830 205 0 503 222 39 747 488 916 493 84 102 52 318 30 988 391 712 14 598 240 97 327 671 885 223 25 562 59 955 473 685 75 267 76 917 545 739 247 668 880 270 921 969 335 477 289 23 844 591
857 567 22 737 382 301 776 144 694 194 393 152 607 326 389 400 131 801 41 110 349 815 848 134 100 340 369 603 673 781 913 107 693 132 370 854 824 207 88 85 745 885 742 236 261 32 373 769 355 734 14 480 198 57 666 744 507 694 624 53 941 636 776 975 311 74 520 409 413 738 235 62 992 197 460 177 741 9 370 728 727 878 377 295
845 972 253 275 300 34 970 83 891 212 961 313 424 244 721 478 620 258 72 426 308 387 157 747 794 433 11 247 540 541 242 424 561 842 476 214 805 15 736 850 188 626 279 357 342 197 329 967 387 494 519 693 970 78 946 324 35 750 301 274 683 556 227 733 532 684 855 470 738 184 994 665 73 193 672 949 245 441 716 292 970 365 439 247
34 431 254 295 578 367 119 196 89 648 525 650 962 862 703 59 395 705 316 229 967 350 161 982 538 647 643 280 169 706 740 300 933 319 624 915 922 488 534 77 77 957 855 871 248 111 707 822 25 943 886 657 590 511 68 741 233 23 852 762 682 713 529 530 80 569 460 281 569 127 900 112 585 947 712 389 256 590 481 458 844 61 314 112
137 780 82 451 321 174 49 335 306 494 287 812 78 815 725 109 419 569 987 119 72 705 442 848 181 252 463 570 243 710 926 17 736 510 29 943 301 414 269 35 964 747 254 47 284 13 456 814 464 878 101 749 992 702 966 212 753 205 438 468 80 343 740 729 434 396 287 391 573 343 396 490 819 768 864 44 198 281 981 211 402 867 177 765
608 217 118 482 303 264 556 946 450 277 484 779 633 954 558 898 625 465 564 138 649 542 249 41 239 843 233 692 903 181 375 309 506 645 877 316 577 744 419 633 962 212 414 771 724 728 184 165 84 37 715 137 68 162 111 892 937 569 285 43 321 798 495 809 186 694 915 674 116 279 46 774 197 800 308 261 11 573 560 441 380 720 621 872
779 984 155 347 297 264 820 968 957 978 730 329 87 679 293 978 394 765 728 656 35 14 831 929 440 143 938 50 500 791 487 924 203 502 21 78 230 779 761 543 590 674 581 884 391 527 746 387 64 982 697 650 913 909 370 361 784 182 813 800 767 592 938 633 604 501 117 509 478 484 670 107 863 730 795 905 680 766 132 354 934 720 932 850
829 540 273 396 647 464 0 91 220 104 449 651 122 79 667 541 127 955 825 370 531 945 187 979 8 804 923 370 579 324 98 578 954 526 769 420 67 941 248 683 307 709 406 159 28 82 142 675 550 431 111 252 893 773 331 438 871 380 212 815 367 897 481 684 784 263 441 857 383 446 573 169 432 496 418 500 506 458 248 99 792 177 96 170
258 916 14 688 3 916 179 293 767 78 144 223 896 562 808 39 936 424 922 542 471 907 516 140 755 92 669 197 670 510 721 575 66 899 901 983 435 476 990 101 12 875 840 130 203 547 343 196 225 855 210 960 611 8 281 155 400 415 635 779 212 301 410 215 530 859 522 215 872 883 991 333 265 304 428 718 770 421 763 165 965 681 14 547
795 176 879 928 403 510 63 955 640 657 302 659 774 66 471 740 177 287 666 850 616 102 93 49 525 636 16 701 900 614 390 915 118 115 212 717 603 311 848 398 256 791 796 575 560 169 906 893 422 648 683 185 757 296 521 49 649 813 447 308 118 451 995 624 583 451 261 937 68 627 387 741 600 719 518 162 287 458 190 676 94 509 242 1000
573 104 63 643 173 607 334 954 726 541 727 669 502 776 726 503 159 566 177 818 36 941 695 343 253 718 918 548 587 676 499 622 263 611 984 37 576 317 521 600 410 567 360 312 50 922 723 581 888 262 261 763 293 464 706 658 645 682 912 116 431 485 516 331 972 634 191 483 588 732 780 837 846 17 257 819 16 986 945 755 145 191 349 835
229 209 290 368 417 276 901 770 740 314 313 417 439 576 379 257 788 602 649 317 922 593 766 734 305 886 943 363 508 696 264 684 382 994 968 819 762 614 249 437 200 994 571 836 9 862 65 471 514 833 698 489 142 120 638 90 635 598 16 760 372 498 517 966 108 546 468 574 684 472 610 305 637 526 709 547 448 317 263 835 222 292 601 120
872 664 120 112 910 557 188 362 69 375 243 207 465 941 732 93 192 278 229 245 606 540 773 631 101 552 66 320 335 178 695 553 326 836 196 955 826 584 154 990 51 901 429 38 726 93 737 1 635 745 428 924 628 336 944 318 633 390 864 829 551 262 150 987 91 907 348 712 167 451 318 510 261 13 483 288 329 338 776 329 870 430 671 465
740 45 458 11 947 26 23 259 779 907 224 771 484 896 315 926 52 284 594 728 488 886 94 696 177 697 944 407 959 221 448 130 710 900 622 566 719 601 779 28 220 50 419 371 538 654 70 939 587 636 763 508 170 111 879 550 416 560 338 0 571 255 110 198 315 566 245 717 394 887 137 168 585 799 434 288 577 890 855 81 577 495 531 696
717 826 484 673 467 841 57 70 114 459 314 967 330 415 523 574 94 23 623 70 435 360 381 120 987 917 999 234 529 92 635 871 731 967 842 468 286 629 959 778 805 599 246 180 918 553 614 224 825 512 273 790 718 833 764 349 596 794 330 966 589 568 622 726 996 704 648 23 459 580 522 717 391 368 536 149 483 279 518 607 770 30 82 3
96 767 173 478 259 627 506 598 243 332 533 875 92 189 480 501 449 728 46 354 791 708 50 595 785 811 255 658 787 860 59 334 364 727 595 488 610 62 894 767 608 91 866 319 707 792 718 461 585 239 267 983 297 679 346 72 993 6 467 100 853 740 703 993 771 479 813 4 813 47 247 920 744 785 838 382 435 654 429 690 964 42 908 971
483 457 486 940 326 766 413 914 1000 44 700 400 105 743 298 873 537 245 35 896 470 36 365 419 33 546 117 888 640 905 22 260 979 565 437 302 228 552 937 940 534 284 778 916 84 266 39 270 693 508 861 599 379 819 410 82 847 915 926 445 48 104 701 557 635 737 31 373 736 181 278 321 95 892 93 428 814 983 757 872 911 359 729 476
945 598 473 684 393 18 190 887 4 964 789 699 213 951 933 111 486 290 926 411 236 389 267 942 462 347 634 882 874 884 144 625 377 498 552 689 213 249 936 837 982 677 950 674 801 481 475 888 723 874 260 273 402 731 304 7 408 38 51 419 110 747 237 731 770 148 924 372 168 512 561 183 217 677 185 577 560 592 712 950 336 591 117 483
261 189 842 942 768 682 508 560 216 325 880 1 230 832 673 951 821 298 359 27 427 694 87 103 276 952 361 102 258 334 488 232 134 114 735 882 115 101 448 69 445 640 756 460 902 660 11 675 620 927 250 75 609 600 999 660 423 685 478 712 542 407 579 421 226 162 578 846 474 914 919 148 905 368 596 608 424 838 355 75 600 62 848 14
639 168 144 595 246 282 287 96 303 237 428 484 738 832 591 62 226 955 901 461 547 824 172 260 765 805 454 243 875 122 478 466 209 752 709 619 294 646 155 685 848 675 165 294 587 546 871 63 680 991 865 745 311 256 510 663 495 789 100 734 387 636 17 27 70 863 657 382 998 94 303 190 856 15 477 350 915 583 960 981 140 950 398 403
477 407 186 439 85 228 759 514 257 416 480 599 31 337 848 645 457 172 929 908 543 90 345 735 828 827 998 685 11 734 546 444 168 534 915 503 851 268 430 704 422 657 404 495 152 184 441 770 675 699 237 518 279 984 502 385 806 254 813 382 291 962 550 662 832 492 259 637 52 954 920 539 443 639 822 623 881 62 83 820 939 937 168 208
445 47 263 550 685 734 994 977 836 734 410 703 210 302 960 918 720 310 862 328 13 417 332 893 856 73 52 244 845 533 49 195 850 497 13 251 571 976 405 57 766 844 547 845 235 386 145 61 567 997 185 961 536 846 498 738 25 555 343 638 560 139 201 433 404 961 837 33 757 808 410 11 717 5 360 852 883 909 154 60 489 346 401 727
936 284 377 19 300 829 580 18 993 121 405 302 647 576 401 672 674 739 832 838 208 608 716 958 586 309 399 549 850 269 287 795 809 312 843 956 45 68 556 937 510 523 323 951 834 247 786 23 64 351 907 496 385 301 330 601 743 193 523 134 260 90 736 541 91 641 841 733 224 944 159 863 469 61 244 11 534 763 540 663 110 695 772 21
115 661 382 832 741 263 165 912 675 386 231 765 160 918 834 613 352 483 942 516 548 826 186 569 246 764 282 472 791 160 476 195 64 128 336 921 535 279 718 396 744 55 898 960 36 384 935 531 741 956 438 445 623 506 920 929 787 266 676 223 801 335 160 993 583 567 5 43 487 973 831 755 434 953 309 356 677 399 301 990 453 238 645 856
302 176 382 800 701 649 968 290 656 33 476 325 195 385 192 457 756 35 799 428 80 49 221 327 487 537 801 529 203 698 541 755 267 108 299 81 787 348 712 535 744 875 257 37 932 630 34 968 468 229 910 630 170 35 487 845 479 554 280 876 486 57 517 298 293 341 178 799 139 109 102 344 651 653 248 125 218 505 425 649 641 514 498 819
898 62 180 391 667 64 399 277 499 555 507 985 768 356 107 469 393 87 760 330 447 22 171 775 675 659 710 631 539 534 856 646 966 595 383 710 801 321 517 762 66 311 850 727 263 280 780 335 338 301 12 388 706 638 41 979 701 665 66 991 395 80 420 732 134 354 723 110 741 103 839 900 693 926 747 708 458 524 56 478 986 169 356 715
78 199 607 391 808 946 223 422 492 360 669 605 139 551 162 966 153 362 895 801 421 107 572 978 767 763 620 912 257 813 254 225 862 543 165 182 741 600 375 354 275 249 258 11 93 544 111 286 763 231 671 392 541 809 653 939 499 233 959 931 124 189 232 575 536 563 793 760 184 874 770 568 729 317 934 758 568 388 323 729 510 698 514 423
701 553 619 502 971 63 265 209 778 683 853 999 445 35 374 682 479 109 530 245 447 904 50 963 385 190 374 153 457 675 248 788 810 103 897 445 703 329 525 281 308 859 580 195 718 113 258 158 250 361 432 261 878 508 699 490 472 305 654 699 478 720 430 94 197 223 323 391 808 478 479 439 885 308 339 607 371 348 539 569 462 199 204 901
700 792 136 511 407 76 336 372 146 706 69 752 89 126 568 256 61 484 284 126 449 306 320 294 856 110 505 244 11 911 126 916 554 529 732 993 679 467 124 706 762 341 650 52 427 549 734 409 852 828 357 7 775 111 6 508 624 823 946 618 286 624 183 569 863 487 21 922 13 272 527 150 234 701 627 984 915 164 597 486 55 474 435 229
831 917 382 913 558 283 914 551 234 589 116 659 69 969 510 999 198 712 443 715 259 673 514 446 786 904 463 760 897 729 252 682 320 263 165 332 645 441 98 935 415 153 964 255 698 146 784 981 78 929 2 324 598 203 864 783 83 9 237 212 37 506 640 587 750 465 916 921 656 593 365 739 816 672 819 930 875 507 999 329 46 435 868 439
451 225 289 585 806 160 55 686 775 945 108 192 396 139 600 293 702 328 429 317 635 291 12 55 681 619 717 328 888 53 853 906 457 495 460 628 391 671 570 925 106 863 277 852 784 366 639 313 690 635 953 699 730 866 772 799 699 213 373 112 963 959 216 643 40 472 734 983 973 582 794 631 853 22 915 522 928 236 547 876 184 216 88 154
373 942 786 29 242 345 744 980 461 662 279 846 962 487 718 742 11 610 597 652 848 934 350 153 460 194 814 866 747 616 820 481 733 124 135 498 738 579 489 55 72 232 670 828 192 644 620 375 934 877 583 438 202 695 393 423 711 162 172 346 306 466 808 234 323 216 954 967 665 751 541 186 663 57 116 915 451 237 215 120 609 635 736 131
75 115 557 958 419 847 497 598 783 184 341 610 792 763 658 667 907 123 168 828 647 851 766 770 841 665 425 20 478 672 109 649 477 395 966 158 693 504 354 978 599 441 605 142 16 687 852 151 802 433 506 156 575 782 807 173 143 971 303 948 29 298 573 902 868 325 451 326 138 836 439 174 248 467 469 39 912 164 377 616 207 114 277 428
351 697 40 716 259 29 571 251 650 654 1 246 204 326 2 685 769 850 497 627 909 406 510 732 623 201 185 983 779 605 814 942 939 901 190 367 237 558 535 23 873 109 355 907 415 271 989 12 256 69 202 407 147 955 982 310 919 782 387 656 526 978 716 782 885 53 857 211 761 892 751 634 846 783 557 311 303 532 129 484 130 881 559 909
