452 884
451832800 868376310 552756618 309003738 965339411 199476401 580358383 279378384 570296835 563197060 131696366 424781415 958697649 497636024 788300031 108119586 740843331 298997840 818261819 161588683 688341232 262979382 472203020 582411104 432833319 291555417 49960390 328420638 319730040 889902046 122336234 679262623 106305483 279353156 874736567 208040074 117962739 738916028 960980906 279116628 440250311 906602631 55092885 136222424 550944325 630026240 182766961 953917782 747716878 194204075 390753641 780621893 66913080 76074256 92831693 948833361 477958432 342889650 13447793 277166624 449847161 517967020 311089850 481792595 170300974 920659726 311387814 490593935 153120735 474379328 544991918 913206054 134925145 479772972 21241473 89147203 269739836 325016883 604666386 808573596 402530081 418335277 376485957 880662478 319027699 998039788 957974991 636583141 725279080 424784629 824563791 554508337 754272561 635977972 482664366 239054489 591762637 314275237 196331518 372425881 81640138 481953276 544099268 660266112 578180762 800757693 670240302 212449275 436842175 355170411 96053289 894106016 546525131 852550648 945744866 664866412 481901087 344119670 598381385 721235328 851332530 242918626 747528935 514303616 201845308 730576910 536366582 586532374 130885257 661973520 582185935 987896971 571932052 922296204 179211829 794647157 924005836 514640879 676021661 653000006 149860969 551614063 650337474 673457039 707055328 781697909 743997001 142889225 584829769 233584556 896102472 186615353 953304511 200393510 362261677 572507341 657402038 705568844 531294547 977585940 404341936 896279358 945889994 111196330 91586097 535470858 793428057 307554474 830550669 407683427 981559321 125288846 269769406 710290521 565814860 45204332 374338579 320904067 448550176 246163072 601220435 40501584 814168650 394836951 153916507 291038943 675543267 674749513 7823845 65052819 784203336 846185119 196482074 184019989 784853210 788478856 149083676 341870942 951286527 242854763 420618187 98611723 275200319 601860285 475521185 876167692 860333711 710560469 821113303 912330401 17730593 732524219 413322467 878538624 755769892 654481493 723732672 563280888 651194140 689987315 498567483 646181048 370042727 243110394 888563291 264854714 438176840 856387274 284349276 52557285 41784546 260376937 974105232 507950289 565511848 802850653 352095875 960835697 447977722 527334172 78923894 894072777 489669435 628421674 774082600 258515074 859252240 543215385 403044579 884380842 932722929 511830164 742720568 515339336 300171277 230196427 81956514 543630136 178977102 734095852 518678449 133674671 176986965 635351661 347491309 931239741 17331993 75362473 188713931 450769709 66335761 314398745 771283865 791735710 67272872 929257506 527225120 211942565 573109531 96444437 222632083 222395622 65826238 234319479 974682548 667099208 504534702 484378430 306758150 928959274 79462511 905222908 55011780 385014673 100622196 113533595 988191933 213858407 729846959 989428042 428614751 911962301 842490492 899117447 41072435 143442543 589253317 359856188 733340660 774971673 358292231 794904750 565985016 290152650 419998583 384914863 313414165 677173267 291575142 14029320 843789300 259923012 671159283 599322763 270879527 95741107 228801882 872514216 3538794 38145693 633766684 667331701 682049639 446349199 405930813 798183089 750934462 542454326 717541458 272313417 60754060 798472973 858944556 74683283 981778095 625112737 218776174 395602915 163144045 472348140 22471450 923493424 197717088 639313616 618428380 594064342 55042586 813376828 583960319 873482219 967126019 377829280 664669093 453178931 691131523 356308596 117722052 819808571 245071512 316517879 32820246 713953569 556821814 535697963 56732611 684590953 345595531 447214765 12894367 818896784 153695713 673239379 199261530 550249979 959288860 803342490 835198207 143160030 538815108 785734901 785093025 862215738 403305102 239741095 201861160 901041729 219052672 796714779 35414334 815481706 678503237 593598790 530131113 790094189 576304699 59348319 386497178 236817674 461131816 19651177 550464990 506212114 604190609 880570562 312900158 997329520 981357969 224372094 297007929 346268657 369785796 808251643 551802899 814333408 713217800 357151515 534798350 695395306 411997225 263476577 901505242 462847164 902283968 411090922 612182190 434748033 437923430 524367456 750682089 379742222 830142507 769651729 473574062 159875404 685860637 721653166 393757748 322805872 179989729 171175970 788656222 387839824 
1 447420163 530228478
1 604483581 636839841
2 737246333 789341313
2 421159605 881752587
1 14986284 497030381
1 500272127 533230896
1 377998210 647490010
2 705209447 902071834
1 384946880 787382809
1 572806505 738005189
1 731015168 770709318
1 413801729 653121623
2 764205393 802390923
1 537472901 803466945
2 414473526 699116079
1 694636066 905009297
1 269216198 992350838
1 640471340 842670867
2 491385746 590116558
1 416801895 710775877
2 1235171 415509183
1 618914606 952249511
2 461306653 801451872
1 301857200 575109366
1 975463639 989685765
2 831626377 909822043
1 893731419 929738345
2 635123864 954800143
2 284623486 481387635
1 137538340 862024923
2 376234614 516174182
1 810146767 938387313
1 700611596 988455224
2 290936363 757143401
2 564243517 790301907
2 466014191 921689248
1 232662254 559595433
1 66642345 670247306
1 312541250 359502052
1 450541029 492929754
2 772783796 953801574
2 174023083 604085102
1 238726758 488900446
1 596820146 660798089
1 19314751 103594974
1 43105169 693938420
2 517897064 937650781
2 340166543 840128082
2 858603942 978834004
1 79024051 580008706
2 556344228 631431929
1 555803957 859762088
2 57929839 142471401
2 71337732 552498533
1 923923089 924579583
1 78935391 633714953
1 339075072 635610017
1 105941048 806559211
1 945664970 975165739
2 524872406 804452903
1 863736006 899902324
2 750629824 911558780
2 908709505 938880947
2 181917355 800673162
1 452521025 693426092
1 65316791 497094733
1 907837862 977322537
2 615830891 871627377
1 476506735 760722987
2 845025756 858254127
2 634034619 779964015
1 908405093 954604057
2 218356849 527007146
2 317238240 488734970
2 973423575 996810594
2 590762961 633017108
2 304488276 403558446
1 513664659 902630375
1 467199614 742606679
2 517660258 583418169
1 56957775 426550610
2 691684698 747641878
2 380018295 765802147
1 772581202 929659765
1 630564980 975257533
2 253454198 580942519
2 181024583 998494944
2 820771264 859107662
2 416755857 523558197
2 732031068 942419040
1 764984738 766321227
1 173387990 526109695
2 693380749 770648429
2 204338048 622589159
1 47868380 624015217
2 241353204 691824196
1 680812443 824515533
2 293333785 452305736
1 495378387 707514543
2 225086988 357980029
1 356414082 411239236
2 641978061 773475597
2 830333531 998509083
2 131890586 737588989
2 59255622 306299342
1 378740451 654885868
2 534818669 910418530
2 55175103 458056092
2 467708582 697716542
1 38853168 562444314
2 827569788 849886804
2 486511852 806586783
2 30687477 591599641
2 382444319 934536289
2 882011169 892452348
1 29631187 352214940
1 109343271 109432308
1 5839977 101779739
1 858069970 916364519
2 572588139 760847596
2 102161518 592450266
2 999863517 999911437
2 337713989 941132791
1 696913175 880196877
2 159650990 507523618
1 200833271 254522012
1 75619729 648163575
2 506372918 576831996
2 915453198 990188252
1 308112818 574207898
2 772247507 779168754
2 170390157 737447624
2 792496706 842439166
2 556875447 946636181
2 229700566 528730701
1 282404600 398111449
2 538386318 675925537
2 329362632 449800093
1 325416806 930687241
2 449199820 714685022
1 622625161 642715539
2 817085742 916026968
1 268948693 378389671
2 229392788 705131492
1 714965884 884922282
1 166999925 387876988
2 443377679 819033286
2 305655950 492336696
1 318048510 870552869
1 816767292 967378444
2 78259042 766580878
2 563405197 676558853
1 731233542 818295287
1 501253005 835789566
1 955807928 964979185
2 994773921 995175896
2 169458047 534143338
2 362234187 695342725
1 107795848 764840786
2 472074623 775418450
1 121773783 977954929
2 126159517 659251446
2 290686303 814221669
1 994623729 997895932
1 265071851 907791168
1 983998011 996131784
1 130589752 837354229
1 90140437 909832717
1 936119987 994047166
2 470475074 560713877
2 941051786 993949579
1 236306675 657854273
2 236764170 539459137
1 604666232 725351536
2 219941702 865261614
1 328795885 707084020
2 786799778 951292233
1 86970490 434011913
2 862542452 922638782
1 320351043 819952466
1 125254025 478267893
2 558578933 814583073
1 102643103 187558436
1 170790067 899758826
2 816231391 943587008
1 768719961 778143054
2 923043303 972864099
2 415575423 957802490
1 254342846 793134915
2 283878106 890436294
2 616498697 844373174
1 488128842 620418175
1 280098277 560128254
2 366109111 841141607
1 592247372 737216626
1 231106109 628403962
2 955246169 969170176
2 838462928 980373117
2 493275554 817935439
1 422957883 782778759
1 994641787 995560205
2 672757953 713569516
1 212026958 509041089
1 594074034 697684808
1 943835994 993847221
2 104836084 664733698
1 824633130 878355583
2 992948254 997403618
2 188715379 815284452
2 360513054 884207611
2 924787380 957206788
2 177253677 549758768
2 284085228 628373407
1 325658678 679132829
1 493525377 945823545
2 616374882 927518698
2 56181019 431953132
2 309460025 554657679
2 18822606 380184963
2 782837097 867148202
1 702716168 834233120
2 501889008 503293635
1 302729936 713579121
1 670092210 717214301
2 200138888 620648520
2 974615092 992116055
1 423608721 937975351
2 98186831 567928160
1 31479479 872834834
1 9707659 592505738
1 225509454 966360766
1 687313301 738594298
1 443833404 526144921
1 998868240 999749881
2 998486428 999711215
2 980572890 997325788
1 780753283 864161499
2 234951170 500960401
1 898544725 914598659
1 821973553 930615784
2 804817642 835440766
2 721254363 750239710
2 486744163 562825140
1 676851628 856973104
1 43141242 217200924
1 277028519 290209328
1 380516873 984539962
1 992580372 992664690
1 684769638 911358091
2 750294489 786097500
1 788812007 931598892
1 79252106 219969683
1 289443855 564070887
2 54228722 339907789
2 275576319 777972692
1 163990829 885714742
2 384777304 658435702
1 203332234 465752268
1 439356719 655774897
1 61807559 386944958
2 403220593 469590965
1 18805699 715883022
1 820430580 864131304
1 38419272 966852716
2 525714313 755772132
1 885415293 956415585
2 946734341 968136737
1 970545688 998586534
2 394401810 780400747
2 491202364 966042474
2 877604811 952800936
2 810709378 813336856
1 35449272 513828078
2 564383991 951144750
1 503707881 955548419
1 764222343 867918948
1 462999555 990182853
1 265864470 488896237
1 727126176 955276536
2 989232993 991431887
2 305527897 835309701
1 828060349 896146483
2 317094598 462706989
1 340304547 482400906
2 182975922 206148622
1 486332017 953220117
2 234055325 405424111
1 908811191 975494953
2 121801320 567369049
1 551146160 875550553
2 685625370 885787896
1 28190069 356951786
2 366833514 951514812
2 609335443 880312993
1 665319809 807289558
2 466429974 733473293
1 98894179 673744133
2 450172584 461835197
2 429243416 895644659
1 853333478 910062683
1 454898439 957448621
2 808849706 890859885
2 472739204 881452084
2 656720402 761485610
2 431556752 970094481
1 917600384 917981496
2 552063472 684738710
1 389575283 907111743
1 155180844 297284515
2 945970020 980282009
2 865095131 947461770
1 381522228 445921562
1 204590773 467003088
2 897051817 960754173
1 62522488 276730995
2 774160111 868813599
2 615142373 635420677
2 165000702 497513875
1 815350955 838592442
2 39806600 598006715
2 255618400 593380164
1 562982680 764053957
2 83079553 980297230
1 551384837 782839910
2 351847722 864691660
2 491074114 534641059
2 267770383 930366831
1 776136573 893519138
1 531413999 929473138
1 990976976 994034885
2 318778062 676399211
2 9163708 39560734
2 757185521 818781444
1 943481893 986187802
1 871916924 885924180
1 517887447 784583745
2 490653562 740488668
2 352505083 550416592
2 12842034 396807859
2 829848722 856944088
1 669911846 931350006
1 282608839 932485971
1 650242940 742081556
1 635290640 693908132
1 667204654 953459782
2 625867360 793698083
2 655669620 841533043
1 461961458 607021175
1 458348722 965054663
1 60305878 249851904
2 926232479 962749329
2 336920635 530347311
2 680554500 754717190
2 830166796 867959193
1 610488176 614368800
2 18982775 511977966
2 624952953 997592715
1 69967838 365454593
1 485574658 532477183
2 288068057 797368066
2 228309030 665128797
2 705870632 750837278
2 703551869 838835916
2 270601794 530187603
2 55568579 436950376
2 7442232 549311079
1 446214777 947577178
2 128769090 207828591
1 227833621 392653292
1 455921458 690700810
2 313858327 531264636
1 288801416 433265587
2 847011348 984448146
2 936558575 997986188
1 892581831 917020990
2 326252114 596139825
1 959578651 992556092
1 931690821 937249192
2 544074008 822706897
1 134145502 457858085
1 780677431 980802044
2 441899553 978275283
1 671576812 897157281
1 622248853 876885418
1 577843089 721931435
1 49567232 525725086
1 940031894 971301162
2 203397360 544277325
1 951287808 996666059
1 998290443 998412714
2 774208589 901544811
1 466155791 917341621
1 604930760 618857992
1 603119892 903962624
1 114530184 568380064
2 497345843 957518423
2 977348363 982103550
1 318738809 429119438
1 515543634 568622225
2 479469301 901841679
1 499722286 842679155
1 153700583 635344260
1 299978620 943060049
1 15160278 896716061
1 504496909 624454947
2 367602070 940549913
1 544226312 927060930
1 95548588 711031212
2 894363588 978975131
2 59104010 906869483
2 678825611 960004608
2 346543581 997402980
1 871293465 931656422
1 351102175 894759809
1 995316755 995698381
1 451309348 478654840
2 154943111 649612770
2 384428422 951321599
1 810588642 917333064
1 740810314 763895815
1 920634944 940652161
1 855361522 873365847
1 317006746 636512647
2 326802544 357085318
1 801348467 822710672
2 699105140 924158945
2 524288225 586836822
2 293558321 984219424
1 459718573 595707662
2 112890009 831816534
1 589618479 690849390
2 613230199 881768155
1 85276082 598321040
1 41569113 710471897
2 870875792 975444479
1 344819477 994045942
1 989867497 994349172
1 1413600 149256728
1 118058510 990338959
1 10939635 514694924
1 155259998 934642505
2 290623653 321850564
1 883231496 945496057
2 577808238 958003505
2 560315833 583042679
1 826134868 927084434
2 116777859 440254297
1 486344981 972181214
1 744047314 901420407
2 136957651 248363607
1 780316648 976642363
2 736120349 969082907
1 750302273 968154584
2 304354999 985345861
2 493465426 985778091
2 465293820 701392354
2 656914462 720887233
2 532565696 727268987
2 167915580 280773008
2 828572575 845167819
1 19849864 998020754
2 1304471 475917632
1 615748843 844195088
1 726279980 797124819
1 259847287 377887919
1 554760481 893634236
2 796040922 938055149
2 592063982 599507761
2 643399431 743396657
1 764083917 841546969
1 28843530 858365101
1 721876070 775379863
1 590191006 919053969
2 445660142 634789555
1 30788538 717564366
2 122847655 140944041
1 851391934 966351901
2 520288253 753586039
2 626485349 861428706
1 597217498 880972351
2 96030491 967567194
1 458322918 798609909
1 591857659 852479167
1 251465927 667753671
2 922861278 946964991
1 764644362 989916816
1 576587774 586624898
1 731270370 823517576
2 323977222 452522222
1 958174839 960887232
1 337687337 587759302
1 440108690 799868624
1 609185733 622466433
2 465015677 730316462
2 569714783 864861621
2 665896566 841823942
1 965480879 990242072
1 243006266 845513195
2 108465132 805249018
1 333506744 958859467
1 210207854 974079590
1 640458951 882520922
1 956832996 957970785
2 638747080 876347261
2 436432431 823804180
1 511647479 634477332
1 438159662 528116422
2 60743418 689717881
1 500878334 943481776
1 271311098 941454557
1 264349085 950110985
1 916036661 959420526
2 718717367 731837656
2 744921077 970159216
1 515134364 987274856
1 953361898 974740727
2 824606657 974632064
2 395813439 436763314
2 574180879 869322858
2 336732481 589628355
2 313190192 789586504
1 416550270 668173358
2 757125079 855347763
2 832275476 897592857
2 401199555 785494158
2 197507683 252107712
1 701240942 842501711
1 29388596 751231719
1 217692799 385998354
2 194547794 575034233
1 415198835 457587024
1 97089773 103729123
1 563483607 794526948
1 14481569 873061587
1 600737630 605170157
1 541977284 892827644
2 174976872 539273186
2 242456226 932225489
2 817202085 849361908
2 560320469 879488851
2 781896672 798317277
1 532775406 754079071
1 603478640 652489689
2 894636928 914145013
1 432286618 941891770
1 566364494 646564705
2 238599934 508824593
1 554347305 936388167
1 37247361 66701365
1 180311798 788813120
2 278414042 761673263
1 120559886 695756289
2 116483382 631111903
2 581328651 987770236
1 395684654 406853616
2 280296373 540377738
1 991984228 998587079
2 696021278 791983665
2 755100878 927051452
1 720033880 734889717
2 300532413 305337607
1 664861573 756842067
1 364529464 427816680
2 639326362 721419359
2 914430349 914987443
1 483086778 710104464
1 864518317 897683292
2 962709661 998620292
2 470063541 731626165
2 323307993 611168318
2 810592556 876069530
2 991319403 995818813
2 616037715 666653652
1 153354688 857114314
2 410070676 821521024
1 16926682 368512267
1 339636377 697547065
2 800165637 958353455
2 319698282 520763401
1 531830939 706103820
2 737052612 749072891
1 614386221 781508292
2 860928113 970822327
1 99668939 466414454
1 427964046 762623079
1 795062551 988447835
1 833321499 850495948
2 342098350 924882202
1 99334128 230202907
1 718819878 976117350
1 55955181 549582241
1 958186903 992784535
2 818501128 892586110
2 609720694 696185575
2 129655903 535649268
1 589638188 669825656
2 618625012 759084372
1 568072197 865470252
2 876631029 971670622
2 495367126 857348680
2 659062725 896275244
2 95095480 405381298
1 176844083 472913077
2 263706257 941381863
2 386256515 891586734
1 230281376 732909435
1 950599018 995167430
2 278461944 427261385
1 125404606 148354549
1 956817867 990532083
1 469107777 622330960
2 968816177 998095440
2 273974875 754142239
1 371821601 468907215
1 78468745 486511850
1 675573851 996689152
1 859543275 903113877
1 492036382 667945867
1 594194412 669274555
1 30609309 826173900
2 169440091 276630447
1 665062583 891443644
1 259908359 714018181
1 917436023 992391640
2 230966036 773984894
2 370038412 780349042
2 889658735 949197295
2 722559694 930281482
1 342518378 609460508
2 234690283 321963498
2 577834135 850233053
1 358470543 760748142
1 493859084 828700905
2 786235938 868486878
1 80481247 932894409
1 25136249 923755295
1 319128352 682469746
1 396440617 558027360
2 437865170 591223927
2 26336085 115539424
2 744814249 754802479
2 716680452 971250496
2 749504179 992421830
2 83296789 734153933
2 906481108 930059150
1 526387913 580388163
1 365280378 656199719
1 732642300 812856668
1 364517547 668493601
2 279944042 654942397
1 738272113 892336017
1 308072944 915658073
1 684066068 901109133
2 256493758 892883011
2 649813040 802244924
1 997035102 998444181
1 197368274 318602381
2 667289319 870618698
1 900257594 965785376
1 465444530 643489473
1 276432289 686004376
1 7853167 610485306
1 322829031 930764663
1 263171284 891133732
2 535615804 675251543
2 614191765 731886322
1 46482276 153843802
1 754959037 900994925
1 352419830 847249484
1 570949437 692156927
2 837163031 949225050
2 341117772 802577425
1 486635517 593464674
1 236106015 353737681
1 381711826 772408370
2 53401240 971214501
2 614759591 695011690
1 617726631 854981721
1 204535339 629412981
1 900884913 917341588
2 877729905 921361941
2 941453280 970207028
1 938674395 961412020
1 156909803 875727120
1 824272121 906659655
1 547298329 807575965
2 166366702 213691830
2 399014008 974630812
1 64876441 363623546
1 244776564 417885101
2 170918587 874897154
2 778217888 820153968
1 929562254 940053908
2 553075312 626784186
2 235227828 836823446
2 542484101 781980829
2 370745617 923546987
1 745543541 797546932
2 801868418 922371673
2 291839238 502824429
2 179298988 346931382
1 744983005 998992407
1 227759261 688850752
1 813977959 855543494
1 145071652 149830157
2 471477075 783253356
2 900938919 989365749
2 749149058 896827641
2 223047916 480934246
1 379215561 793557510
1 595959892 842920315
1 415761260 659398994
2 57804055 141333580
1 774081506 931727061
2 69348971 181594850
1 223602396 588708451
1 80827503 967147695
2 223400976 453710829
2 677023300 974475342
1 329514357 379451421
1 260920001 419922936
1 257447161 389820102
2 92705608 746383083
1 913211609 945485988
2 783130259 810109972
1 5992932 31579206
1 476369098 771193913
2 47963998 904009983
1 307346781 920237056
2 737877331 758165288
1 194840620 995734056
2 76346574 594690309
1 606827679 853831951
1 656997983 998791003
2 502758538 561388195
1 907291628 975621325
2 71440342 894052912
1 949526836 987980984
2 410603648 609671454
2 891678853 977054455
2 142488380 629460812
2 877354760 969315148
1 154709331 308859967
2 861712903 877656044
2 207546555 485540636
1 248969942 792958538
2 769214 216452366
1 639435434 796448171
1 189755524 437243046
1 514432941 905546129
1 916777687 993996963
1 76384629 682894625
2 343358988 571165031
1 821683023 901233536
1 410642390 623091453
2 808862357 998193461
1 593712924 635960788
2 903579840 931766855
2 229264563 311787689
1 101672908 339120618
2 599303837 821125577
2 550150027 659550394
1 496938900 867376844
2 893362035 914557719
1 929324835 994410674
1 429172483 604289712
1 703952041 931868419
2 738187053 939281538
1 66217452 124665770
2 77524823 246034887
2 328017784 399136893
1 806714346 822489688
1 963602207 984974496
2 939323160 974178883
2 995530475 995811412
2 259988950 617872475
2 478633879 673354031
1 218535995 991602720
2 528534468 953196594
1 729785163 737630940
2 272433210 566421015
1 653389662 961453760
2 444751539 952142669
1 45708091 745376239
2 904134065 950660908
2 629187734 984857446
1 847665003 972419196
2 796009509 971438446
1 881927154 926230539
1 528706783 648416157
2 821635292 933603352
1 224165192 952272496
2 852462032 869217946
2 989463585 999730678
2 84139000 426226588
1 958527283 961062255
2 607761516 837970957
2 506336325 819144520
1 361528280 546964414
1 638737380 719515360
2 951077453 961138456
1 397514170 919276168
1 234431091 796914315
2 839539287 960142373
2 898660230 908554476
1 585517522 928282499
1 49452846 442891554
1 996752285 999597544
2 215469552 972877490
1 401194444 905624441
2 85539147 793804885
2 310265 351553307
1 175849295 878230179
1 283817623 678524237
2 190500517 944876380
1 610224453 625405307
1 353851992 424765139
1 704443422 893200698
1 97955762 542759970
1 76871567 595716989
2 365370841 765504835
1 674971294 829885897
1 769145301 800975831
2 343413313 484670992
1 214136767 658017462
2 790942770 921587020
1 978498960 984037738
2 377346393 770261829
1 755992621 991422702
1 685116566 725345629
2 879545352 901834006
1 293324427 355539290
1 217090299 260441599
1 216121064 371199322
2 237205983 807385802
1 148246070 178840389
1 120900427 274478417
2 381623612 756519672
2 360753206 484371813
2 876973050 921360432
1 144817051 163183519
2 261568664 475542530
1 576352003 862853055
1 235299431 480206608
2 784284570 829693811
2 904402095 962337569
1 964979676 981287944
1 316873480 795747045
1 272907905 790938426
2 195159263 952047641
2 138750809 373125200
2 696325982 864870578
1 165110253 445695635
1 535860524 566509206
2 697796989 797398818
2 462758028 934495274
2 800297518 833398143
1 997719012 999353802
2 973789613 996328573
1 370123903 441585872
1 12865282 458030741
2 264942636 977682793
2 169018604 260139783
2 918089082 942777088
1 977525714 996605143
1 356415237 602785841
1 404926351 604509929
1 669399747 831929369
2 553455098 881159705
1 899158620 902559254
1 574252406 658670410
1 815625922 855508850
2 584775401 879957087
1 375196303 886056918
2 847456695 978005461
2 11697736 536049717
2 520398638 664547308
1 301290631 543091198
1 821599459 940078480
1 716940892 724252725
2 706314472 755374538
1 942777897 985918440
2 272768494 450334064
2 321648419 986070287
