97
66522 94409 5274 -98572 39109 -65709 -52917 79907 -66958 -59186 -22676 -67368 62056 60207 65200 19978 -6169 61452 -45511 77351 29438 -84347 -13927 -98719 68795 36433 91437 26826 -82477 30909 -10015 -30223 -52406 -36419 16150 -88950 -24753 41805 -91492 -9226 -37124 -17678 -65885 67694 -33027 59007 -90354 -36059 -99831 41610 -12099 88511 53184 -7727 -53551 52327 26462 -21346 -77595 60661 -40180 -4018 1327 95721 10205 45478 75548 50894 -70645 -96661 25038 -43249 8215 -24065 82453 -39886 27027 -71672 -30225 90108 -97604 -96509 -20654 24802 -20725 -89364 98847 88834 -8148 78851 -87207 50226 25771 95515 3916 89219 -15489
15373 -48613 -48330 46753 -63998 81709 -72996 -91811 77885 19699 -88292 -97634 -53322 37917 76895 -93290 -17564 -80143 17784 -5679 -97623 83443 33158 -61317 30037 -80590 73362 -29355 23115 -9831 7046 -90431 -85973 80742 34525 9901 57679 -95657 -7474 72795 -68919 -55698 -61882 61922 -92755 53336 40853 20381 -24927 -54959 -85845 -2417 97235 46034 68816 96441 33465 11748 -19930 -1038 -14046 33389 -63935 57106 87421 -3598 556 -78588 -73953 26269 2398 -29745 7922 64182 -40130 -91842 44517 -37179 37495 -49181 -61404 41287 -86904 7238 -42497 -89558 -23946 48340 -23725 -74440 97394 -84521 -90113 -52307 -20352 -31016 13849
-88384 -10119 -60099 -51789 -96344 97905 -85711 -87339 -78352 38816 -29474 -35758 -30499 -90480 67542 60189 4868 34489 -80008 -89294 -59125 -90770 41922 5975 93291 -26507 43524 -37283 93359 22955 6442 16550 -96916 85426 71081 79766 55450 46037 -65492 -21515 77845 334 -82454 -242 67061 -4078 54915 -47058 654 -85082 94967 34522 99969 69665 64488 19443 -58763 30215 38605 84083 17830 -67686 94068 -11101 67913 56201 -81964 -85026 -52087 -34896 -87870 -58236 -48791 49069 23938 3285 -69125 14515 -22741 73930 -73269 -191 27944 36830 81120 -2105 14022 -74618 70288 -53126 -44658 -33534 91167 -62215 83087 69324 4768
-17191 3110 -85364 85385 -77197 -63539 -75041 -60444 65286 24147 37197 -39428 10100 -46956 36462 80045 64449 -50846 -44753 12772 23453 51641 -74431 -71112 76359 -77817 77263 98868 -7144 33603 48456 34498 -60152 -43723 61861 -60932 71798 -79702 -56187 -62474 20973 99003 -59543 39286 -23002 -27924 -6551 348 -95518 12686 370 10060 10815 77842 81594 20596 -92222 97787 -61618 47243 6075 87390 -97728 -6823 94989 30111 20881 3306 36875 53775 -73114 -65166 -6290 -15712 68226 -47842 -71531 -39226 -44596 -83948 95719 -3037 -94302 -71133 -21804 -43719 9042 -4170 -70921 -92161 18709 20760 -43064 74500 91707 5602 7568
-58981 61804 33837 9111 46513 40812 -83438 -81152 -27514 7195 -61701 -11086 44241 -33786 6031 67387 22196 -85839 -15269 79082 -88998 -43520 95265 21798 -80465 24187 -10377 50805 18593 -59424 -88244 93288 -95557 72291 59017 -96517 50221 -40493 -14680 83749 -48790 -11090 -47844 -56073 -21607 -84815 61584 -81026 -6312 72269 -64193 -52445 11165 21020 -68681 5348 -9064 -39252 23804 -35601 42179 47713 84600 74260 79917 -69466 -58451 1840 48953 -36911 -43508 -80905 -90608 19419 88940 -23032 65119 64010 229 63500 -35151 -74338 36774 -55198 -93048 -53416 -16343 -82325 -18722 27832 -64113 -9145 -28089 5473 58943 -66988 -25367
59211 85734 8600 10786 -36754 34623 6221 8580 25931 97634 41833 41815 11707 13611 -8177 6458 53756 91924 77089 -25044 91497 44740 -11379 -31688 -91001 31453 89299 -4758 -86273 -14120 85189 26415 7050 -91650 9066 68909 -5348 -5874 -57281 -5837 49788 71988 36678 -61936 96760 99680 42663 41173 -78088 12937 10228 -9611 -71451 90958 -55566 3756 86482 52901 -49932 87197 60856 -62115 49077 -38802 93413 -82555 -40645 -81664 -5093 -82329 -54209 37947 -41591 -66636 63948 -10183 -58676 -59773 55216 16588 63021 -67143 -85765 -22795 -45932 -80471 -9569 -20250 -93178 -661 -58404 -12826 73225 -77421 27241 58894 -7003
18381 63090 65597 -14494 -12385 -2446 -79784 -51041 91152 -10676 66099 19646 -48016 -81695 27048 -6871 58112 -71628 -74765 -59981 -43302 -77788 42987 -2463 -81900 -67032 -96845 -28215 53988 75280 -66736 -56323 -8551 -71235 40121 -33199 -13259 -67962 95323 13104 50472 21048 8349 62213 -31213 -81030 19471 -14476 29142 -98213 -67754 -22444 9384 -58699 10638 -60936 -61858 -21515 23154 -1810 -89534 61515 -36338 19689 34559 -95312 -69617 85194 -26407 2036 -21631 55189 -31607 97837 52259 85666 -74769 -26103 -14991 72949 -92637 -38677 -31841 -15706 33453 -71395 23197 93412 -65882 17193 -70851 -30271 -17473 -50759 30011 -86587 37694
74137 97475 91586 69779 -41101 -86887 -53459 -4776 522 -44037 -38728 35509 10448 -61746 -73377 55675 75982 -98579 -10261 83551 87915 81823 -43965 -65338 -20132 59496 -4027 -63948 -77638 77899 22562 -83218 48406 -25832 -67380 -20667 96876 -63748 7482 -98746 -76848 -69848 21804 -13846 -9629 33978 32026 -6468 -75749 76806 76343 -64981 13964 79198 91914 -54640 -50286 76816 56723 98691 -71159 67144 -99061 -51420 65740 -65826 99081 -78444 -50954 -723 62376 -4982 57699 12074 -92149 58268 -48345 13586 81645 -70446 95070 69486 54820 -63189 -55471 -92603 -54482 49872 4888 -78303 94428 6518 68711 -61434 82815 -77745 -99175
2825 37808 77493 -72149 -73933 -53939 59266 99994 -3419 37913 72754 -70191 -23589 -91627 -28581 71095 12514 -71 -9294 67667 2565 37716 89038 -13630 -46668 39816 -27077 -6008 83166 53619 69946 -10398 -61057 -43474 2833 18100 -82412 -97253 2920 37054 50204 28347 -61783 -79112 24272 98828 57207 76648 -20545 -88201 30596 62219 52868 35091 -81553 -54049 94275 -12524 -50373 18551 57799 99551 82292 -29350 -12658 27841 -94812 -35682 -29917 829 -11654 49024 32445 7571 -97323 34431 30851 -76016 -82134 -14022 -17289 -92727 -29894 4310 55610 42844 -48143 -13817 50389 85800 77409 -19201 -40662 -52353 76876 91378 -34724
-8454 61935 17616 52416 20264 88922 2839 -16640 -59760 -27977 25863 58913 -81335 -2760 82351 -2865 28645 93321 -77377 87838 -73137 -76774 49386 6864 27068 -6422 -55618 78413 -65753 -52611 -13404 -89934 -97677 -77839 12432 18413 -17367 52052 84279 13018 -67257 96327 -92420 72889 -56332 19901 44891 -89400 1897 -15692 -13771 38909 70577 -15689 7311 -92153 49587 -39994 71554 85089 -227 51842 -48115 77038 -328 42688 6761 -35002 -44813 -59106 84750 88135 -2743 21868 24687 29083 -99100 47372 83329 -45286 -60150 -43613 -47816 -95495 75709 -76491 -82741 -55404 -85904 10281 33584 -21941 -26448 -45813 -25824 -42514 -52735
11836 -83544 50911 -30758 3932 54332 -13213 19873 8108 30901 -35621 74666 40331 -21541 35349 97696 97166 56704 2227 87112 -99281 -93492 33845 61745 -14509 -50451 99510 78989 31630 35699 -55301 5165 -20198 34664 19299 91859 -5106 96767 -72497 -18266 97958 63490 -49093 84244 86531 89083 82504 -18795 24049 53878 40359 55611 -23832 -97892 -38860 -58918 -18722 -65555 -53020 37611 -53068 15795 57030 8646 22885 -7167 90872 95654 69995 -88926 36133 -14286 -78904 -91358 -49987 -45142 18512 -87956 -75109 -3566 -55257 -56102 92871 44990 -73230 63477 -26081 86241 -28117 -12136 56264 4442 4420 40147 96010 40421 -56384
66001 83161 -45021 -21436 5281 82313 88914 -6585 52353 -24740 -88865 28068 73526 -23148 58746 -29122 24896 -39843 -97821 -68015 8727 -55335 -62186 76662 -89358 -13370 -55811 12935 -77340 -72889 53066 -33260 -45204 19740 -58695 81405 68138 35572 -4462 81383 -53261 -16707 -70613 -5459 90831 437 -60561 -43962 25242 235 57909 -30153 48023 -29744 -82936 3137 56922 -74663 -67761 46176 45831 40463 -13563 -40220 59599 17214 -21633 54817 8295 -87783 60707 -69797 36702 17887 -26553 26434 13911 -25276 98348 -30235 -12947 89270 -18427 43452 81900 -84824 3090 50802 -91156 -87529 44369 -53328 -61395 77495 25612 5700 71820
79666 -79897 2322 -51187 -84020 -14408 -65046 -31675 2512 -66109 94774 -78782 88733 50693 88151 -16112 -8948 -26963 -49229 21731 50214 92114 95901 35464 45920 -32387 44103 41977 -8775 -49219 25391 -91155 -33416 15572 -33141 91044 71927 56025 87959 47724 -78201 -76469 -20612 -16962 47240 12542 -34141 -85630 -78966 72288 -21512 -85750 -50462 71411 46704 54031 12194 -36504 -59735 76443 -85848 -45763 -34531 76298 -10469 79975 7129 24046 -13323 80328 19755 -62441 -49917 -60177 -1458 69790 72679 -67897 26723 75049 94487 96801 3578 -75476 -25910 26116 -99885 -89384 83523 -60964 67215 -25978 87364 19577 43962 32431 -58096
28265 -94103 52359 -77636 1230 -21048 -26410 -25205 -54433 6054 -2204 -50821 -42402 -76658 8343 -75497 68896 -78220 32664 97730 -35518 98962 -20553 64544 32277 -58134 22 -91196 -52118 8797 -80330 -91125 -78925 -74312 -60698 -70646 81322 -60512 36835 -93605 8372 -25043 -42768 -29979 86649 13409 77628 -53267 99295 1968 41944 -33102 -20090 53615 42647 -26445 51559 56748 7767 42453 62307 -62573 92646 44939 -10928 34014 -86244 26854 60881 -31214 -21365 -1457 89138 9278 -24512 -57925 4503 -97527 -54736 94083 -19250 -75832 -79069 78213 -98906 16533 57011 58635 -66521 -70010 -84055 -45814 -86685 -73636 32909 746 -66274
3246 18084 81156 -90870 83462 -29787 69084 -36470 3422 72251 -29646 76880 78165 -22156 -94996 90811 -83401 -60064 18595 24686 -3242 -13308 -29765 33199 86758 -35243 -97140 9836 -29246 -95327 -74990 79772 -98847 489 87817 69375 14839 80473 84250 -18200 72521 -9247 -1402 -1021 12068 30763 -87555 9455 97227 -52708 -65640 93168 72336 -25359 -31236 3944 84072 -75543 31007 -75010 -76985 -84537 80025 1306 84972 71235 94604 -91780 85039 91908 -36523 -2847 67350 -97876 -34667 86096 -37820 -19233 86988 6008 -8207 94278 -20162 -19079 -94330 -73016 -37920 -18677 23037 5 86449 56104 -14068 -58375 56917 76351 -13995
-91335 86742 31949 -34252 58980 28251 -94558 -83910 22834 87250 -5381 -605 -92634 95700 50448 -72078 -27194 -20378 99563 -77736 44532 -68846 45290 -23820 -80229 -93949 28064 74384 80240 73644 -84425 47277 -29354 5813 -67410 64210 59534 7727 -29062 89399 51607 48164 -42771 81716 672 -92088 -53288 -81041 -5040 -2410 -71240 -66728 65950 -58892 -67568 -18963 -40868 -78531 79359 -77172 76720 47808 -48081 94711 95904 58808 -7965 -39858 66183 -78833 -43874 -38649 -22993 -9626 -6125 82417 1666 -13856 20806 18116 25485 -86891 -33908 -72924 72554 4935 28305 45465 92279 81364 8059 -65231 71286 34804 -60216 -15216 -41708
-48683 56995 -19130 42052 -21689 -19662 -92634 83847 66559 51862 97110 -4056 -27072 89872 -11427 -73148 75137 -49485 -51848 36752 33689 -71312 -84151 -14592 43812 84636 -90495 -15347 86203 -82663 2176 48970 -76583 -37123 -54302 -64685 13344 -98046 71973 27407 -47583 76436 78077 -90678 -41932 -24284 -36063 -77908 2090 85592 -54915 -45469 -63205 13187 73186 78185 48968 -33804 -55852 -53331 14769 -77612 -94402 58636 -79432 -85861 -61909 -24874 -89712 -77725 33669 91035 -12166 39595 -9153 -25221 92509 90152 74819 -81172 -69863 -39888 -16450 -98859 -7471 -5320 -61853 -46720 -59790 -37615 45270 -73220 11391 36750 -94068 -33919 94223
22563 -32997 -91601 6283 -48118 96733 -15626 53517 95480 -90245 94798 -81063 -72597 38261 83274 -73940 -60840 58570 91178 -59664 6531 -78590 -11442 99052 85669 -50642 17321 34445 -4258 -99257 -200 73463 18694 -15578 -73050 -53589 65107 -26899 -43215 -52834 -3947 -1336 -2797 26628 -79534 -53814 42420 -75392 -23234 51807 88149 2430 46241 -28029 -3567 63706 21182 23820 48706 99628 -11573 1183 -40808 64621 57583 -5157 32826 47313 19885 30917 -52429 46959 94349 -14668 41582 9419 67552 80405 -24072 -10379 92548 19958 60343 -16754 -76010 37605 56303 39485 46635 82170 53979 -50848 98654 62192 10169 -63955 4486
-93574 -64363 43230 85753 -89012 14292 -71316 79453 -43600 -24749 29201 -49349 -82852 47835 93520 85039 -79517 -91393 -26902 -81744 73196 63076 -36483 44549 5208 52760 88756 -87346 -59859 87440 -42857 -66652 -21696 -53511 40718 -75308 63882 -60478 69352 -51176 -92447 -65733 66001 -90639 -27307 -48266 -29647 77990 59285 -66612 -16649 34475 -41470 54766 51065 -69708 -65293 41473 -80572 29668 -909 -34455 14370 11029 22211 -37665 19730 -59434 -82476 25276 -31686 -71051 45044 53085 -1586 -1673 -24060 1938 -248 -8135 45051 -55812 29441 -68197 -61430 -51555 27017 -46614 -18188 -79592 -71099 -59259 95952 26570 -20373 -22379 -8058
94925 91962 48189 53258 -26204 24180 38548 -94763 43327 98789 -67439 -88742 72632 -15659 18941 6944 75410 -96585 13211 -96492 -56131 -74718 24435 66888 -52881 71153 61930 62422 84525 -5635 99432 13238 -30063 -83991 48082 -38635 -4479 61745 97658 -89705 47531 77660 -19072 -19103 12670 86319 71877 -73856 -62960 -42034 95447 -92828 58411 -40132 -64358 51450 45137 64513 -39160 75728 462 -78115 -44889 7874 -4254 74052 72179 5745 -88572 -95624 90498 59426 57164 44580 -17973 88089 17360 53815 64947 27335 -27304 -7498 -99781 50849 -89627 9744 93690 66437 -15871 -1990 -75266 40610 52212 -76387 52449 -73538 53802
-99568 46243 -89439 82684 3332 -21411 -45668 57750 89817 -50330 25066 -89325 -613 5279 52437 -69456 -87634 57012 -9509 -74368 -45522 51151 -87498 -28406 22119 61726 -39337 -20792 -71968 -85672 -50818 84566 96226 9716 75595 31178 -47589 21479 -19804 -81062 -46600 -74586 -54690 34437 43627 63874 44994 94993 -53410 87624 36066 -22860 31140 -57858 24617 77201 84897 86338 13615 -55084 -26674 23220 -75291 80050 12351 35061 -94047 22888 86164 -73794 70792 76534 84498 5306 -28232 -38143 -67547 99066 7038 -6375 30281 -45218 -71149 20837 46980 37551 -8613 65843 -36751 -48676 -11310 70192 -55532 -59557 95652 -89776 15471
-33301 82716 -1047 -84278 -9376 -48253 43936 69644 -10030 39155 71911 48564 -24420 -91699 -91839 -72629 -65806 65147 98230 59103 -53410 18505 -81329 -8273 18008 -48630 -63577 9148 -80780 -87168 41256 -68368 22340 -42237 6113 -45720 99155 66421 -68831 27558 -71901 65628 41788 -27778 23807 85989 -91279 -62734 84079 -66277 8559 -98866 -90835 -78359 -58331 99507 11527 -6422 -11643 29483 -5006 5855 4759 -14691 84438 -77628 56593 24000 -99131 -92174 -65255 -2833 -12755 -81479 -23654 -20265 -30756 16666 -19192 46332 -35178 -58687 -62237 75457 -85004 -74872 -42596 -78538 -14700 23980 -41576 -19081 -18080 -83185 99367 -13069 -33030
-50459 -85639 -11523 28182 -88985 31706 -19212 -41300 -48161 27444 2668 -23245 -68884 89310 7554 4998 -93014 5348 -25613 -50928 -35252 7624 22737 55211 -10621 33788 -75270 43171 -51948 4477 -91604 26135 -64451 64673 -6098 45285 -46191 -23353 -79248 59147 -32929 81015 76878 79273 74458 -79019 -26497 34301 -30957 61682 65668 95637 -46098 1467 82379 51123 6332 -4827 -9442 -23672 -28723 -19451 -82352 43439 -95993 -26341 -58237 -63545 -41974 84721 48942 -18729 85781 -842 46348 -84118 40676 -38559 -13863 66835 -52589 80 -29828 -22581 -24638 10547 20553 50606 98015 -27207 -17579 -8761 21192 -84280 -29806 40186 25329
-64191 -61320 -36267 -47939 95604 7911 -26579 -45760 -45877 -54055 98888 62607 42134 65394 -52699 15168 40170 67818 -43309 14511 -13951 -58342 59453 -18033 -92482 96500 -11919 82667 -4513 31969 76919 34291 5342 2341 46152 -87651 -91978 -11491 -83264 99810 -96448 30753 19344 -9741 66756 -28090 78202 -33795 -72663 -43711 3721 54436 82127 -9124 67274 -75347 -73949 69111 -21108 43322 48219 70629 -54169 65128 31836 10108 57301 12945 -61879 79935 43711 23697 16051 -14949 99003 29537 74295 -87353 -54881 -13796 44062 26719 -10093 9223 25032 -42547 -96794 48799 68319 -9800 -64739 29544 62581 -15720 5511 90974 -32732
-71307 -1586 -17275 -91090 -45958 -56159 -58469 33602 -58078 -62434 89920 79461 -22912 -30978 -25234 59028 40921 -67052 41959 73440 87786 23664 30720 89763 30916 -92130 64257 -63017 -897 8440 -20424 -7478 -89425 -14076 37087 56523 57471 15166 -5633 14566 57301 67965 49694 -3228 -11038 98970 6569 841 -56945 -36573 52907 81585 -99828 3100 -75667 18759 57878 49594 -71636 -45947 -72859 -23194 -60596 96905 49922 -49084 -46899 -88804 -36549 97577 -75413 -77166 -35305 77385 -69081 53781 74731 -40775 -46095 32786 -50073 -95287 -93640 84170 8506 9229 3006 -98072 73060 16917 -57941 72692 70664 -55319 17677 24561 -91941
20239 -82619 83944 8149 42547 -63570 -23171 -36260 -51297 -60594 -16973 1991 3423 21643 2778 -94937 87793 -3579 97678 4996 51554 63642 -21320 -9379 59553 -43508 -55535 59770 50136 96665 -51874 44964 -14891 70222 -42570 66460 -9615 66094 25221 -32269 -25277 -89235 -69698 2713 63680 -29150 -61286 -82414 -85986 -94271 -81433 80213 -26329 9994 76234 -71624 97789 -83264 -10386 71200 34962 -83000 10977 -7320 17037 -35667 14439 -78853 312 -58094 -2123 -19472 13691 -7112 -71931 85728 69198 1033 -22830 -36934 -4487 32708 42931 -6350 -17302 1616 -84420 13078 96826 -11738 -38329 56644 -27125 -40022 -43903 -41761 -41393
-11212 55835 -53262 41080 -66608 -6663 -14343 -58863 -74823 -24832 12259 21101 53138 30529 7486 80846 -38668 -38124 -22127 44058 14793 -91950 -60530 4272 16879 25719 3223 28664 -58288 -70392 66056 -2653 85724 -21855 -50018 -28295 16547 -72869 52388 -26436 -8765 -91136 -56794 58992 -61808 -59186 -28393 -45123 87931 -2179 1768 34248 88186 -42832 -59540 17371 85062 57380 -2883 -25420 -64048 5727 403 19009 -264 21850 11271 -77968 86468 -9862 21341 38293 -38041 28111 97567 90745 2596 94808 -33336 -7257 -56611 61911 -24143 -42030 37327 47280 -27883 3679 45165 48017 13805 -99808 22579 -29385 52986 -59523 502
-7842 42104 91832 -84848 -61701 -36882 90626 -85569 -44013 44323 37561 75265 -61404 37413 -44481 -4563 13128 -72545 -52873 79220 -82434 89877 -68148 -8492 91780 68766 43462 -95947 -99753 49139 17944 -18402 14847 43888 -97214 21016 -14107 -9358 -56968 20787 63504 -46662 -82089 78513 -26304 -28005 -32346 596 -23558 12589 -1571 -53649 -52958 -22797 36342 45191 92374 15910 63298 -12398 45073 7982 -23322 58623 -68190 -6569 -90247 17854 62110 -25403 -36258 -68954 21628 -48152 -77716 91702 -73287 -56814 39114 -71179 19008 -58735 -76619 58903 -5908 98313 -48102 -34750 -52869 54103 18451 97736 -48167 16331 -27633 -12292 -83202
56572 -55968 65271 95713 -17673 1962 -12552 -7706 -79175 9739 -15783 -96296 78692 -5815 14554 -49380 -66899 23279 69859 52852 30511 93408 -31914 4854 5345 -58663 93580 -2592 56279 5387 -72222 54280 -81256 7319 -22461 -4646 -1908 44192 33077 -28095 -45531 -62531 29801 36090 -8182 81649 88240 80334 -5297 -48522 -46485 63192 -21107 89510 -29705 -40137 -67122 -81909 -83396 -75886 50457 -3752 76308 19162 -75631 -59376 39197 -53702 -29890 -40128 39750 54573 -38589 88233 50933 -74147 17100 81576 -8679 59755 26723 -39067 48286 45716 97661 23106 -53173 -21642 -82600 -18079 45253 -20912 77402 -54125 -48706 -7055 -40603
-18806 70841 95100 7867 -15480 -67095 -47378 4071 90690 -18248 99492 46429 81964 -14678 27360 -99695 -30334 89922 -72747 82108 3462 -57601 53765 -3623 -25608 -1798 -25545 80621 71736 29042 -70958 -84311 72965 -15657 86539 93692 96921 -18273 -4529 -8810 -83493 11097 60847 39387 58567 -2097 81385 -42634 42273 -40350 80572 48128 28105 -76220 31939 -40798 52515 96541 -30028 -535 46493 -41916 -14879 84891 50079 31460 -17369 16479 95498 -58798 -76485 57978 44250 41870 9003 78194 15037 64434 83668 28171 -8523 31703 18865 -51522 14010 53187 -79987 -79043 23966 -28684 4587 83696 19844 11549 99685 69348 54196
42744 -47049 61183 -73962 -27723 13963 -6219 -76754 69798 -70450 -19324 37030 80078 46779 10418 -80640 -47454 6417 4271 -73544 -85784 85723 -79974 61859 -31206 -6852 7761 -8897 -37526 89687 85383 -37461 24612 -86941 6854 60525 -23490 -31593 23294 56207 19518 -57252 27176 5329 60800 -64843 -20535 -33505 -86613 -74475 -19481 19811 -70887 -12916 -4056 15357 -56554 61128 -6222 41895 79085 80235 -49339 -45487 -94705 -37031 -58413 15927 39729 -43090 21082 -87781 45337 22539 83612 -36761 -72183 83401 -6595 -53745 72628 64554 -17227 -97468 22846 88657 -79157 -98891 -26925 85094 -13087 -93054 35452 11782 -73974 -11254 -41127
79114 -61089 -70801 -43549 -89692 28103 10297 -13564 69457 66737 -26222 -12606 -49827 -58464 97556 -78039 81969 -86706 70651 -11135 -34816 -17880 75324 92401 2240 37825 -57330 -17815 -86643 55624 -33460 -57084 15947 -6155 -44209 31523 64003 -79050 -18715 -73796 -95296 76520 38668 -97353 30372 53373 -81026 -66223 -96501 -3640 -79339 -91842 -50718 -15205 46762 91287 -10527 -46520 -70934 -43405 -37978 59477 48496 98528 10266 22524 -61060 -77430 -68268 -94803 -73316 315 44066 9556 72195 51901 -67042 -82379 72109 -39187 -67933 -66382 -1555 17887 -8788 88888 26625 -43438 -5814 14821 -60463 -96469 -65647 -14158 74097 -33020 83936
-9485 55527 -17419 19376 -79818 29555 26327 -42699 -5923 -22029 53479 83412 -95495 -858 -33104 99929 52367 -22884 48591 -78 52021 81111 -95182 12472 -43270 -49090 -98171 -5102 54430 8458 50032 22776 76326 -89608 24978 76463 -20151 10886 86278 -81527 -73112 -91206 -52420 14827 93571 -5017 68109 93682 -46064 -27318 65315 -70749 -64428 32045 72528 86535 -26620 7754 -4252 83 -11304 78817 79062 -52688 7178 -32403 -72741 -19525 77703 71389 41244 64949 58444 -8031 -22370 88639 67355 -70458 -97088 -39513 7395 70267 -14181 -30352 30751 -73482 81007 -85540 -52538 -65568 45176 78013 34493 -46765 54915 -60597 -61820
-714 18474 -61983 -86473 -38601 50961 -48427 -22780 30832 -63362 55644 -50247 7815 16665 -21908 12481 -62935 35780 12914 77115 6731 71060 41546 -62875 9783 53357 69211 -40407 -88210 94932 93508 28584 36170 69086 44486 57821 79698 79136 68416 -64974 13899 -26173 15130 -86156 -91171 -80110 58052 6139 -23682 5343 62238 4460 84802 -18789 40160 34738 -81888 -14130 91970 -43140 59728 -40816 7147 -32205 -50140 -57854 -64769 -34993 -76822 -98477 -90993 42699 -87961 -99818 1538 -91643 -84977 -70955 -62551 43611 -84345 -20672 53335 1453 -12790 -63012 -28679 93282 85078 -64462 -25749 91862 11693 -14029 34065 -73770 -71879
-11890 28978 87948 -36504 19850 -32534 7629 30969 -67855 -65449 -22774 33830 250 52021 -80685 -76151 48462 33640 -37949 47763 36112 -29840 35426 -52492 23277 97946 14998 33474 -64349 -90493 81337 12668 -33272 -89035 81403 -85458 71431 41270 -38808 92660 27939 -61637 -11158 15662 -17056 49059 85993 -63898 70230 -37754 16031 -14682 -38988 70388 23179 -47212 -43151 -36781 -48999 -73437 5218 -31980 57852 82177 -21921 53721 1951 95392 82548 -46859 18843 -88931 -6041 -54206 28373 -78392 2701 -64793 -66427 30347 -57774 86555 -93620 41115 -26582 -29222 -55300 -57810 77635 88461 95457 -19097 56723 -72813 -95937 -56849 -86748
19333 89102 -14833 47261 -92222 -1157 -54850 67285 57446 54683 -22642 51378 23553 45013 84674 94040 80226 60893 44728 95414 -99947 -30226 -5030 -74839 -88080 85405 -83780 95325 18695 -57161 91671 32517 -61459 -16477 -58305 -10919 97543 -28177 -59105 -26631 87085 47248 63926 -96714 -91617 -52681 88593 77698 -61466 -31076 -56199 -82994 -7674 -16010 -22800 -86713 -69816 -57942 17993 -21463 -64311 -99625 -94395 6057 -29793 72650 -62641 1264 38999 -52181 -8311 -45334 -54262 -87920 98006 67591 34284 53928 -94841 55543 47295 20778 61206 32640 55863 -22836 -13563 15713 -73664 -83366 -9455 -20889 68749 -74874 8463 73623 77280
-19094 -36151 48852 48566 94006 82684 98645 85438 -60687 -10858 -30035 -30010 79886 -82029 -23261 7545 -53249 -74085 -49025 -90402 11591 -7548 76865 -60896 81628 -29368 48233 -64127 -53616 36544 61754 -57204 59610 -43092 -81074 -19928 -1829 -62789 -70626 -17285 24535 36024 -24399 14401 -38710 -99139 -88550 -32694 42538 12992 -76006 -1178 45605 -50847 97516 -43331 -80188 33213 -29148 15924 99776 -36873 10980 55837 46084 27593 63434 -23244 27482 12761 -827 -92928 -62426 75873 -21224 -15518 51021 1760 31452 -82466 4233 -14217 29398 31508 -73794 52879 -33912 58716 -53077 71796 -17307 49339 78690 -98302 -98473 57618 -12454
-9009 31924 72149 -37859 46631 61896 34890 83179 41274 42940 51516 -24045 94008 -35701 35755 -41383 -1275 -90055 97420 -2896 88944 89235 34504 83852 -61435 -11650 74511 -62310 -2987 -60938 35237 -60718 -55519 8135 -47958 -74797 -58102 -6189 61791 -46099 -63000 23989 41386 -50303 86091 52313 42224 -7271 13805 -69335 61322 -52942 -33286 -95183 59020 26977 30348 69799 65238 -42272 52179 65713 -69983 19257 43197 32600 -29708 -51746 67569 84150 -65722 48698 -44489 60445 31671 23389 93703 88939 -60801 -34757 3622 72234 93267 26211 -22106 -73084 13710 -67960 -75069 -40831 3484 19025 -19377 62542 -63064 50364 -47395
-60064 20143 -2411 34023 53638 37734 94131 32903 43805 21777 35133 64079 -45485 -2416 4905 -43005 81191 -48133 66968 93745 23308 19450 98513 -45734 -59825 6722 81642 62592 -72113 99338 -92555 57970 60041 24815 69011 -49085 53265 -41828 -95001 -96894 -6086 -80188 -31843 97217 -37016 13076 -1370 -99685 -96890 -79938 23029 -39448 -731 93751 66791 76694 39547 84836 51030 74411 53981 76044 -735 17133 -95648 71369 7649 26836 85199 85509 58662 28963 -6579 71365 85995 52118 -36476 -84514 58203 32774 -41276 -17682 25763 -25307 11029 -79519 -1748 81903 -80034 -75353 -74410 -20127 25133 44895 -60907 39072 -13571
-65676 88749 -27642 8297 -53064 -92702 74306 67784 25734 -95616 3722 -4178 27350 -69804 26285 90966 98350 85142 -39437 -29439 55706 -50030 4940 -89008 21449 -43186 96182 71070 -39513 -4889 -76653 -24267 78040 51200 -54672 85351 -77202 -44650 52726 -16116 -59857 -30785 78865 -48591 -96982 -53556 -66565 7818 83919 -31668 72306 33254 2273 -47502 16207 -31895 80701 -46123 79404 -9129 -97513 49730 85804 43327 -79948 -91994 56931 -30318 55919 70222 72585 -40368 -63464 31450 53288 -87713 93006 -68334 78741 57662 -745 29511 66670 32459 74096 -42089 81224 -51516 37099 67184 38493 -82007 -47232 53681 4326 -53932 -12736
18178 -29420 80968 -79211 33715 -4850 -31897 41532 63177 -92912 71973 90867 80045 -67320 39560 14604 -74238 57100 -14517 66750 25168 66418 77193 -13903 -79462 -36181 -4607 -30905 76081 -77296 -2455 30828 -49395 -43757 84902 26543 -12827 63570 -48535 -6020 -94138 -38615 -69743 59692 -3541 18940 -33783 -98378 52484 -41133 -21516 60482 61620 -94624 -55823 48122 42807 -53483 85590 89020 47725 -7797 53872 -80225 -14875 99720 -77328 39888 53324 97628 76040 -9280 78222 -99552 20709 38055 -86038 53863 67723 -57709 89558 -99821 -83008 65020 -4414 85108 61977 70195 33407 -94547 47778 64826 977 -91861 -39602 8305 -29600
31574 -24675 -11098 5684 79082 -63807 -73371 -14652 47849 -17869 -84252 19349 -52127 -74140 9959 464 45404 57834 71211 8487 86572 -120 77860 -57671 77602 -45503 97227 -7390 32948 -52513 83506 -67277 -16793 -73606 -15179 -7232 23056 83060 -55506 123 56971 -71444 85757 -50853 4761 41296 -97989 48059 71439 -74621 5503 -74277 95080 -93040 64029 49855 -98384 71563 90355 9060 -84242 7622 84870 -37364 -92287 77021 -55870 -56620 1453 -4089 -52039 -72235 1616 -52034 -28605 -96725 70499 -93452 42240 64611 39563 -4503 22798 -19474 -92568 -64942 -87432 81426 57963 -11654 -68417 21763 -62144 97573 -71290 98896 -72882
-52773 -21590 -50206 -10710 24979 9620 -57865 -6711 -48238 -30900 18621 -61382 -67169 40965 749 80860 -35124 40571 -65167 -25926 98362 62912 3308 -89279 2195 -8766 1637 -94143 38667 41407 -63375 73805 54636 52987 1380 72698 -72236 -91932 10250 53155 -61204 36584 -79036 -37056 18347 -20940 -48196 -71715 -2460 59618 -33843 90450 -40034 -10053 -54308 -24814 11640 -65383 -57030 -62692 -2448 -35803 -72445 48061 -1669 -79406 1091 66851 -57636 85235 -71122 43073 -34381 69924 80553 -28805 3724 29016 58256 -7987 -16232 -38466 45969 98020 25525 -81570 -55400 69306 -15450 32944 -12479 51573 -45553 -5924 -26366 36015 12200
-96402 62192 -48206 22445 87259 30470 -28363 40557 76524 97231 76730 99710 -18119 -21214 -88021 -77165 7933 -80868 22347 -82281 59120 -18824 -52582 -21145 295 -28242 38162 -43024 -64209 84984 -99778 -60111 62863 -5618 -43227 -26356 40864 -88112 50524 -66284 44 84201 52769 -76972 18326 78118 59661 70941 -21831 51200 66983 -45390 29572 -58718 64463 4599 57181 12008 18249 -63329 -59742 71669 -26587 71117 42259 31401 82533 -82064 -94370 -50800 -29106 -53553 55880 54971 -9417 83884 -31865 -33589 -49559 41762 16452 -63920 -37541 64853 -85665 -71559 -88898 -92336 49533 9198 46263 -42512 -32008 -98998 20699 -72805 95414
91811 39364 -16696 -78009 -85598 43015 -49355 -24669 -75953 4717 20260 55716 -39098 -28901 -60256 -83320 -13333 3620 -69756 67411 83849 -32797 -52125 26307 -93089 23687 -21802 53633 28655 -93179 67341 84128 6804 -57427 -73544 90036 44813 51675 20391 -24330 70760 88571 -1778 19524 -20537 -98334 -8471 4407 -52231 36763 -38556 -18105 -4907 -91585 82789 24603 18075 -78440 -14380 -90409 -45447 3338 -32249 -90403 -29002 -96700 -966 -81302 -46590 94111 77091 59091 -49867 -901 98668 -1560 -61206 -44485 89925 -45040 91361 18581 90639 -65692 51748 85174 -94853 -10883 24590 21044 46400 11316 29183 -50742 52161 -43606 -97351
-86578 -24757 -51808 -9445 5937 55544 -21228 -97373 -5889 40163 -10249 -41400 -65523 -92793 -41033 -30654 -99605 98478 29211 -95324 -47376 -63687 83507 40692 21066 41517 -18674 22415 5248 -92353 -2608 54496 57770 -34849 66176 -74207 -2534 -67414 8811 18200 22569 -13485 -71389 90436 12718 -46936 -36876 -80697 -51529 -2072 -67452 75335 -47115 -79027 -16683 -37877 -46313 77762 -52350 -99962 -97073 60696 63247 -1443 -17039 -92332 8597 -99475 -37695 -82493 -11218 -41487 -36127 -14362 53827 47126 -52102 -44549 67107 -71595 -39924 -18001 -58262 12042 61228 -25298 -91853 -13810 52986 76356 73713 -16176 -48340 19627 -5030 39050 53727
12392 97826 66680 -61423 85105 41354 -17160 13819 -48994 -1795 169 -16111 -6139 13925 88229 -8585 89250 -38977 41098 -11006 -26435 -57525 55084 24623 -76228 -54132 20249 -42674 94178 63919 -89081 85854 22186 -22089 25798 -78745 28863 37493 49799 56337 34288 -20056 75180 54480 -86808 -36037 -40117 38499 -19538 36178 -52689 -63959 -74625 -1438 9456 19631 14910 82315 -64340 -77153 -10416 52610 -66860 53359 -46301 -98722 50824 -52259 -75702 38022 64553 -34088 15261 84921 98744 -92600 -56958 -77259 48531 -55267 -28678 89860 -27774 70404 47703 -94043 73230 21692 34581 -73910 61039 84118 55016 77220 60408 2904 92706
-66735 -77709 59136 -64674 -97465 -22691 -33152 -87869 -74172 -64290 -48030 -21989 -35198 757 64666 47499 49846 -2546 71538 -81279 -43443 39126 -43838 34337 -22632 70678 72902 75893 -93091 -87032 -82376 -12469 56252 39970 53016 -81278 -43988 52046 -61588 -75790 -8683 57809 -86153 -74118 89291 -96414 87959 -51004 -42002 6106 63238 -12969 23560 61202 25981 39297 -14091 23449 -72186 -81241 -87576 51708 -79876 7313 8629 -1209 -79175 20279 -60929 -21697 -67989 57935 1125 95626 -29270 10370 -71932 84565 52429 -37320 -19680 -97377 -86576 50456 43397 46957 -63045 73866 -26654 44134 -60960 -45951 74140 36943 80366 -30871 78472
74799 -67976 34872 -23072 -1567 90352 -53847 41650 79414 94097 57815 13261 65876 -33928 -75881 24808 86350 -28780 -3159 -12351 -89489 -39532 -902 -1104 36548 -34294 4852 -66348 -39252 -38017 86846 -44919 20120 47780 -25422 7150 -390 59451 -58249 -76282 38695 88310 54955 -20786 91611 -58974 -40382 74238 -23177 2311 21741 -88748 69363 10714 56789 52141 54458 78421 47196 -91001 -41272 -51702 55250 -21465 -9392 -41571 25576 -91800 -82060 35287 -51961 -11381 26529 3708 -98214 62377 -88667 -87600 -83447 25738 32157 -13969 -43882 33907 -19718 80918 -4136 -32958 61916 42454 84696 -24069 -31698 -6430 35768 78997 94708
72169 -14542 34240 -31445 -59776 -35697 -68791 44310 -58603 -71084 -14479 -64935 -73828 60070 94528 -74274 -51930 -53390 68507 18638 -68729 62027 79454 -12931 -80352 74275 65416 10991 -29886 33468 -76127 77535 -29344 -18570 77805 42767 -65286 -38195 -99887 -94062 71776 86023 12923 -66216 50754 -95517 86007 7521 26496 -99001 -93956 -29078 -47556 -90945 50575 -42929 79754 32160 31219 63125 -59746 27478 -85347 -64713 -91232 86380 -71407 15055 7577 52988 -86504 20820 -55961 -77082 -92701 -56218 32831 39727 48345 -73628 60781 31979 54911 -70765 51269 72613 8852 -30115 -78513 13586 -25643 61497 22754 -51578 85365 -59905 96660
-38544 41588 -86612 -97391 39005 -3961 76291 -63653 -55661 75728 -9758 23424 44550 -125 -94874 -37228 70675 29860 98087 -34010 -59154 -10927 -5208 -14534 62420 -81449 10159 -39190 -94326 -41465 37691 46673 55606 25327 95711 21232 86975 65441 21323 -96498 12354 -69984 -96104 95292 60229 -14399 -52756 -72777 86741 -79277 50995 -17233 533 -94808 51268 -62426 39387 31526 78794 55801 -52358 -48040 84631 -68427 11263 22014 1678 -47125 52691 7333 7472 59511 -83447 80302 -51816 56117 67712 11945 -20754 91130 74638 -52005 -25406 -47356 -25475 30322 78319 -97546 63355 8714 70680 24428 -38202 47159 15788 79922 55256
-1490 -61580 44022 -47150 26309 -52304 10038 -85126 84387 31421 -67928 24300 78934 32581 -48780 -74902 50917 -97078 -17454 -52834 42038 75801 -64308 -53230 -49304 16842 -91735 -97241 74781 88343 8066 -42026 -18340 73561 38540 -84157 -12447 -69059 -60955 -76117 41205 -31047 -73794 -78129 92615 -86410 61067 -45464 -50505 75037 -84512 81349 95067 -13015 -71874 -4887 34263 7406 -49136 24219 -69221 -83797 64656 45569 80720 -74006 -10642 83113 12756 77003 84135 27490 -32437 62357 83597 -31173 -79184 -68831 42512 -25644 -82978 15964 42576 -86258 -50485 15575 6265 31806 -67462 -3600 -87195 -36899 -49195 -25250 -28692 49777 84985
-93404 -92997 7577 -68187 -23471 -77486 30636 71854 81916 48673 -86223 17255 -23675 95635 91972 -33260 -43344 -23783 59669 73469 -33755 -46345 -16074 42536 -41646 -77507 46326 35287 -74928 -72910 -2884 -79031 -5278 24301 -36761 -74159 49196 -20629 -47620 95562 -68621 32583 -89079 -52489 82299 89584 97418 13005 73925 53056 -70391 -19361 47425 34804 -63328 -35909 -57272 45799 83265 -71715 -55222 -47750 -71093 35178 -91627 -85420 64036 -22001 29981 10593 -61307 20578 95310 9264 -31369 -42047 40598 7965 -27909 83064 -20720 -82194 -28948 18183 -96675 47399 74911 6744 -72951 35320 54326 -16436 20504 48786 89995 4848 -16485
-9095 9808 35388 8953 -97968 2717 70192 30183 -89704 -17588 -90912 39338 85513 -11848 -64205 -72292 -29171 67366 35648 78909 97191 82819 76165 57576 92068 -88225 -44411 32054 85131 71196 56992 -53834 -52399 -91945 -21803 43056 28326 68023 5805 87069 -56367 83900 -91475 -75367 13891 3205 47029 -33496 96465 -85100 -83765 74247 89163 22999 92546 5037 -57113 86012 30482 10409 -54677 -48529 -14188 -76376 -21394 96518 -59678 -13739 87069 -38292 -93456 24200 -77960 -95086 74667 18013 -55839 -76621 72380 29020 40905 -55278 63637 -68448 -91550 -85271 -80399 -36184 -24144 -35625 4030 39855 45631 48762 -18291 98586 30343
-60109 -65992 76620 -66254 30955 -80829 38644 71869 -39979 -11033 -23059 57260 -60410 -73371 -52237 -49436 23383 65572 -68332 -2311 -82763 22300 -84395 91938 -89605 -91599 -70599 413 -77555 59444 -34295 -25348 -34628 -62880 -44020 -53761 -22715 -49915 -45831 -98667 62485 59347 -68047 -33515 -30026 -50591 -65670 -31781 -28506 -72487 44640 89510 82604 94624 -93873 48378 -49056 -40725 -64945 -96570 -65452 8743 67942 -36246 59971 -17733 15752 98826 -68665 60460 1573 -23621 56682 -89744 86584 -97464 12816 58604 6617 1134 35725 -74974 -70608 -22263 98140 -91236 -65877 -30382 -96421 62292 27521 205 -60567 44556 -1046 94598 42218
-76839 8951 -94209 58425 62841 -30848 12268 28471 46430 85281 -70950 -17467 -90637 68243 -58682 -20665 -36411 -31625 -10452 90129 -54188 58636 -23578 -2755 -76673 80560 15990 -94412 -56263 86163 87322 78686 89608 22909 -95360 25491 -14511 13902 -18403 4027 -14940 47663 95988 -43458 27345 74783 67088 -67545 90973 -63011 -67141 37332 63647 -13038 -62809 -27548 15615 -99775 -13809 62374 -96675 34782 26367 11425 55410 78022 -20676 -55183 95477 -37556 -19702 48365 22856 30373 73557 -19592 72902 27737 58850 -49822 -52375 2393 -8520 52112 68604 -44893 29430 -83029 -11710 99760 -44950 52084 60419 17733 -89461 79479 -8754
-14765 -57550 27384 42511 76464 -89828 59877 64931 -18583 -46143 65710 -77685 -36606 5700 -89689 -13915 95920 -78342 -92787 80644 -23342 -6403 64766 -93919 -883 92609 37843 -79335 -36190 -76684 66493 -42670 56904 -40223 -91400 -85734 46894 -59363 -24775 57517 56324 -74270 87636 -92797 7689 61468 -29933 33163 -92890 -28993 19156 47438 -93622 46469 12269 -38177 -86736 46053 -79789 80729 -10123 -47305 66434 -596 -41666 -97035 57513 67380 -91493 -41296 -322 58128 -36438 45103 7602 49475 -80701 70666 -48921 -39049 9989 -71808 -67597 -47893 -73053 75779 44019 26091 62078 -81247 56787 9894 -25716 29711 -21505 -86792 47163
67063 27835 -36198 91404 -28290 82398 -53875 -6975 -63169 -28130 -27354 -82553 -34825 -50791 -62751 17229 -26400 -78786 30232 -95812 77758 34088 97073 87410 -35167 54119 36830 -77050 23126 96517 45536 14947 64543 53338 40477 81237 -86375 -57398 -49803 -90849 56592 -36299 -26403 -82332 -42923 94103 45615 3563 96666 74562 -24009 82132 61552 67484 -22988 1423 -10180 -9342 37277 -95931 -92076 85412 -77620 67684 -60488 13225 48189 19685 -74374 79951 -82190 -83049 -78840 -43041 70965 97123 -62804 -10440 -95724 -9717 -80838 8729 -95560 86397 -51504 5894 70044 -8175 -11044 25630 -46482 57119 1705 -98637 -88481 93279 -93565
7108 -2369 55647 -54725 -31138 -93256 6744 -89260 -45209 -78733 -82133 60158 -50854 12088 -22182 74846 -30810 74371 42658 84414 37160 61641 -85338 27786 -71579 59302 23430 -84712 -43048 4105 -20706 -42062 62041 3651 4151 -19293 23293 98216 30860 10488 -29644 -3422 -183 -28384 75187 -69711 26365 -11927 94420 -65441 15656 52999 -50463 14937 17380 -26566 69630 -20155 -87641 -27181 -24324 9977 85263 35257 97907 -52141 -70539 66604 56470 29255 -35072 -67061 -75220 99809 -42252 18757 -91632 12178 24700 6249 99582 43705 93040 66161 69127 38932 -29875 77090 1619 33249 -99674 -67486 -80249 84502 60407 84698 81828
-35283 17338 48845 -18453 46764 -10769 -84543 -66697 -43806 -80029 13637 78935 72121 87022 -41572 -17481 63511 -13211 76821 14574 -89772 -47068 -7993 35182 1044 93260 -95333 -70542 19941 -93754 50701 16112 67658 48191 -55787 -79002 -67397 76217 56623 87412 -11765 -24310 37408 30665 -64365 17039 -39557 24677 15351 -73959 -60715 -64473 -47751 35176 -10874 -72478 -5796 28064 -11080 35758 -29959 26558 87138 62796 -5666 -12294 72079 1083 -26176 64499 7135 -45837 -32333 -52037 8311 22200 76109 18122 -63452 -44276 -35927 -85949 25009 44133 18851 -53482 85521 -94497 -86725 78650 -8488 54772 -25718 -78643 -81227 92827 -34058
32379 36652 97020 -40329 37429 -31985 -32104 59104 -13551 -62412 -74551 -24236 -34848 -13641 68813 -83160 18807 -6985 99470 -30111 91855 55086 95412 64060 -48518 -27433 70674 -78080 85432 -26883 -42738 79384 80617 -21408 -37327 -60992 -87568 96607 59077 -52567 -2603 34282 6824 66404 99490 99252 90547 -84410 93111 7717 -71501 42186 -65223 79508 27387 -52876 59315 -14889 -19956 76832 -62684 -31138 -51577 58445 5737 -81920 38313 4293 50851 3558 -38822 -98952 -11285 42707 6190 -28100 20059 95402 11803 -46053 -5438 -71930 -84582 -58652 89572 -32995 -43954 5389 -30055 90493 57995 64968 76732 54475 79189 35318 10737
10948 -67889 -18213 -38943 -4653 72126 53165 -16062 -66895 28397 30850 42757 -69795 -68706 -52340 64901 98478 49249 -87940 6978 -8316 36620 -14256 52062 -85471 -58805 79782 -66892 51287 95373 -51477 20936 -65520 27153 14419 46204 -22264 25895 -5185 80093 -34363 -96116 -37821 93953 89667 35707 49566 -99664 -69051 88423 -66011 -42922 -13879 72493 98435 -49242 -37743 84639 -94849 17464 -44337 -17441 -89258 -16004 59476 -61772 -61083 53571 -77375 -1465 81643 51428 84765 15271 322 -20056 -7508 -39588 -90610 87788 -31324 32300 -41051 -64162 19005 59717 54593 -62504 32530 84111 -66156 53239 5737 -13456 79984 61716 -43012
-25851 30805 4338 59069 -72701 -97454 89033 -88333 87044 12647 -87731 74666 68889 -28157 38891 -43211 -94982 98514 88423 -44910 -70117 76511 -77119 99492 -61743 60856 -27021 68371 52280 22040 21074 19737 -93337 -41456 80581 -76725 41877 -44571 15637 -90009 92806 -63625 -13844 98436 -36095 -96451 48128 99686 98886 18124 16576 81124 47333 -56553 -41585 -26084 -96198 56975 86219 -17200 -71766 50498 -39444 8909 -87268 -46371 24345 92374 41670 -31596 -33200 -3020 66818 -11667 -98724 -35795 -31981 3118 -14090 -93799 54205 -69778 13823 -59753 74371 -22461 -78344 68870 63961 68459 94646 -95262 -75290 -22299 -95261 50615 4307
-80416 18997 -22038 21098 -56669 78831 -33510 58662 -30035 34758 -9277 95304 84551 47237 -59485 16809 -91304 -5019 -75947 42836 18485 33220 -21093 95929 -2802 46817 25536 94365 88511 57653 9813 59087 69088 -95159 51568 48148 -51705 -25200 -91805 63529 -58270 96517 -60086 -34506 -85770 -45475 56657 -64661 -85881 23246 80752 1953 5331 -6968 -1431 43066 -66079 18780 -66007 92181 -27840 -6969 25651 -42818 23261 -59059 -7664 -80969 -24584 -81777 -87911 52889 98830 77396 -65885 21476 76576 7344 43006 -45891 14100 -58430 -9328 45534 -87116 -44256 -71392 10185 -29972 69777 -59882 -28416 -43296 -51192 93415 43108 61913
79546 -48837 -88515 -55948 56435 54333 -17517 21733 -6240 20683 28554 -53049 21381 -14161 19022 17316 1678 31001 -88414 1327 95607 -55971 -61313 11977 -91798 41159 -85715 38112 79270 31985 28029 -79082 -36609 -58377 -98977 -25132 -71254 43229 -40342 -51410 91748 -20281 85595 -2755 49431 -48944 -15766 19985 -55222 -62564 75408 75765 -42637 89534 -29506 19302 -95540 68191 -29738 23907 70151 -17488 -97582 -80388 -62043 -21001 -56026 -17223 -17718 99552 -82628 -91333 -69904 41046 -14626 -13722 43366 -20138 95550 -62401 12598 -22714 -51689 86981 84249 85088 35948 60851 -84768 66893 72973 -75498 -10767 78376 -33917 -80767 -47439
-39920 7200 -4136 1193 32001 77424 66309 4211 -4274 -25822 26007 34820 -80491 -5426 -10058 77775 32412 16640 -62719 70632 76125 -44578 -25748 1230 -97153 60453 93327 -56594 -87937 -39157 75973 6413 77733 9749 -84822 89841 -63588 43481 29161 -60224 -11713 -65996 50825 58241 85211 85238 -97187 61703 -19932 -37731 60400 -4988 -35316 -35964 -37758 10865 89087 -467 -35714 50117 96499 74099 -4124 -13464 -9310 5936 -37775 49604 -16605 -31322 544 63723 -59521 -5040 20800 -93703 34546 -63232 88551 2437 -12907 94016 -46196 16703 -82713 -51758 79124 -10326 -7638 -1335 -55797 -16407 -32942 -36107 40326 75325 -89431
24674 -46679 91594 -50189 -17101 46735 96975 85195 -13814 -13942 24567 5874 -24212 -13624 15627 -21074 88908 21660 50807 -16610 79331 75686 86402 -85860 -19720 -41343 86471 -22464 -90459 -43525 -60378 31865 -79704 -16814 -67662 73133 71060 89958 -66615 41241 11076 -94306 45964 73712 -67213 -45175 24566 52273 80293 25893 -68430 -14386 -41298 67723 -44893 -57492 8472 21451 -22794 70686 -21326 -59391 -20122 -76129 -3998 70706 -26363 23305 98969 -94757 -36207 -56530 34288 17994 -14405 28244 16040 -43554 -11524 -23268 50686 61207 -69309 -30324 -81933 50005 67805 71131 -56907 5263 -91554 -19062 -75848 57314 -73556 19407 -62203
11759 -63571 72076 -36013 -45001 -47046 -93080 -89512 -90837 -86519 -6518 16621 -767 -47995 -54703 37166 19673 72085 -73054 13385 52450 74225 4589 11806 4107 -73658 28939 -36781 -87887 18934 96125 -14702 -28646 71375 72632 -21563 74247 33461 64311 78818 -6931 -69315 22135 -26143 -34874 41591 37293 -11351 55209 -18619 14688 -66062 -67215 84437 66334 -24618 55417 -90446 97902 62148 8183 28379 -36727 24613 -46882 -79276 -66628 -64968 -5967 35760 -77380 64451 -16073 87688 79784 21931 17140 -86925 -21787 -22994 86058 -1453 18321 14864 -44634 -91292 -92942 24679 -17090 -66990 -59927 -15238 98436 -22030 15357 -35373 38398
-38005 84236 -45024 -11928 -78756 60172 -40918 63323 41662 18060 4675 -8245 87296 11694 54888 12964 -43558 33828 86105 83450 69692 85365 -28248 4705 94851 82152 48289 17774 -91315 -8674 -40164 38476 -3908 -76542 27903 92221 96169 -66027 -88421 73381 31526 57935 96852 -50689 -44496 -85497 72222 -64623 -41439 -74070 -56569 -57536 -49417 36451 -29848 52685 -3290 26868 51839 -4034 55237 18846 -28775 90127 80669 -72717 42484 -76838 27378 21158 47190 41796 5337 7277 11179 -36277 5594 91032 -20089 54635 60714 90870 30487 -42871 56543 -55184 -86969 -28287 82318 41420 48332 -14468 71757 -88735 -95690 -94928 -85686
11630 38283 53320 69969 79514 -70074 -50343 -72374 74110 -43703 -92171 28596 -85297 75846 -22083 -73869 56352 -61129 74814 38402 82612 38287 -41285 -61472 -86026 -1758 39998 -78575 -87180 -55221 60622 -83046 18913 -29918 -69203 99661 21660 25436 -9093 -28235 56486 35714 -37955 52503 -14385 67100 63361 -27440 4463 85058 4041 -54893 -48330 -92086 23702 -25472 34486 70075 95245 -81451 20384 17267 -58768 -56786 -96597 -46245 6649 35255 -72458 5336 68965 57570 80266 73660 -59966 -6195 -41767 -82861 91642 54460 -31170 -91940 66579 92742 94200 96881 -90544 -83486 -57265 94337 -58594 50042 63906 6544 -49924 52245 -60356
-96156 -35726 31552 -21773 -90136 -68853 -40200 19792 -98692 -90781 9183 17404 -2091 98947 78934 -44990 71860 -2077 -56541 -81445 -52315 61539 61265 1279 87978 -35160 54644 -73860 -51815 28838 31720 -29822 54158 -62245 -14878 77439 93678 47102 -73342 53960 -6451 25226 51054 82977 71841 9494 -67488 -13950 39379 -86134 -3846 3539 12610 57426 -247 -22088 -9375 67270 50473 99394 -81108 48569 -21742 -42970 76874 -50937 88721 65182 -72760 -19653 59512 -79718 -83605 -71138 8683 -57146 82792 -15699 42954 -72523 9503 90030 -69556 64000 -69016 56659 69301 47954 39283 -11304 -99732 -49848 -5013 -91736 -32362 4195 -2161
42052 -40 -90635 -5952 82554 -9287 30397 33875 60834 -98231 48538 46978 77346 -48884 26483 -27512 8781 64961 35834 -47940 -60709 57600 -34443 -35685 -68290 -33136 -24408 78269 -59645 -1768 65707 62438 73959 -93851 -95869 -72908 53305 72286 -12051 52257 73217 -62396 -53686 69628 -18545 2188 93642 95629 -46049 9281 36704 -96903 92888 70641 -54012 47727 60503 -32716 59022 15804 49111 -4665 -40865 54024 -98838 40392 -96612 -28855 85529 -15892 99391 87363 -59914 -27089 -67745 -45824 70821 99523 72805 24785 -92574 37418 88067 -68359 43028 41678 -77252 -31910 -41548 -52424 -43823 -93198 -73136 7950 3456 25463 52177
-37400 13567 22719 -25058 83346 61456 -17744 11840 -70672 81178 98381 -98823 73744 29481 50445 -98982 -86849 -95019 -69372 -20167 31296 -84091 65026 -83922 -90844 -840 62104 -80213 -57423 -31595 -55356 -59817 69783 78893 -632 94036 96614 -80684 69913 94794 -64046 -5545 9774 -28705 94169 -20435 45794 71494 62180 87683 46542 96741 36444 -93954 71473 -80704 97368 95853 -82782 64154 -36014 -17493 81059 -5563 -8311 60127 92325 42314 -90398 44960 60757 37572 20899 57689 74921 79690 34243 -95300 68253 -26117 -87707 7704 -53462 83120 -51470 -61005 -72936 73777 -17934 -18023 64001 19250 65712 -77026 -6665 -97664 -52114
-20980 -17667 -62159 -55248 81864 -1759 78125 58747 -84033 16418 1435 -103 -66105 -71166 -57429 -83514 94588 87298 -29292 -57520 40510 28948 33976 -9249 -19881 16796 31944 -44949 81473 18997 71466 -29680 -37442 -8440 53962 6734 55408 14747 -24719 4283 -41026 -25902 64845 61174 56205 19744 -22311 2850 9268 -99235 37096 21137 41042 88381 -96124 77204 -76528 78029 47453 193 -33175 -57012 -1463 98670 14598 77676 34446 -63613 95197 -97712 20001 -74731 -63054 -71141 78459 22537 59156 63131 -92499 87005 -22018 -46716 -50282 -34167 -26799 -35769 89217 -36092 -94045 -85083 -97396 -87710 -86562 -49711 -731 -82641 26122
79268 -41171 -95588 -22478 -50599 81435 35609 -12534 -4783 87035 29566 43800 -5091 80039 96127 -58549 91364 74839 -63059 75817 -3653 -82932 -77985 45678 89514 75822 30574 88592 15844 15099 76049 -47066 -20711 -27975 -18271 -74014 -66501 -84331 34416 8339 -23183 -73519 2832 13064 -95350 75806 13904 -12120 -12982 -43851 -88837 98160 37282 -47147 16808 98438 72130 93583 -72684 46732 59230 3571 34107 -32670 -43017 -76115 -32134 -22256 -82896 -13149 -24403 99100 38293 67066 43905 -50505 64439 -64325 76646 -11945 90980 -74898 -64280 37215 25663 -18016 28707 38980 4475 -39445 40047 -40875 -86924 -43698 98544 31986 -92720
-28054 43623 54160 -79440 1653 -74251 54049 -16961 21762 -58228 -60933 51112 -88086 -40457 13952 89143 -57443 -76154 72506 23634 -31591 -83660 86187 -83747 -91042 -38457 85334 28094 -72730 32108 -25203 -3115 -23409 -4101 -82211 27622 -19568 -30120 61087 -91110 96588 71565 -65143 252 37009 9134 29606 -42232 4673 -79818 -99759 82413 76000 -41116 66616 -89541 -71160 -75889 2843 80287 90905 -91851 71123 55232 11196 31405 19925 52980 -60946 -97452 -46890 29139 69008 -3864 -81801 -29440 69099 94732 14763 -64694 9705 -44341 15944 -36428 -78330 -54096 74665 55481 -12393 92493 1736 -97309 -74260 -58241 -16248 87225 59851
39065 -97504 -72992 -40945 60011 15582 88291 81131 -59052 -73144 68245 54935 -2615 -45473 3437 77706 85296 27125 5816 -72102 -61010 -62438 -52784 91309 87213 -79215 36115 -871 29176 81106 76678 26337 59386 -79690 -33039 -23086 -61257 33576 -14672 40967 49976 74240 94974 -99663 -61498 -28110 39431 -19355 -86777 98094 -70828 19855 -8981 30271 -91024 62952 -29288 67950 -63397 -39238 -65545 -34113 -28977 91318 93726 25604 13146 -37829 38125 -86921 76973 42663 -19465 -37828 -61992 9894 -71557 66253 -10310 -25537 -54472 3874 75413 4884 -35706 83022 -65414 -57015 -47872 12828 -4336 38140 42842 -22575 -18491 -34360 -95284
-53049 67437 -4229 -30875 -2096 -16766 -51596 14074 68864 56942 93881 1641 3375 -5374 98294 8841 -52987 -37354 65444 -50119 28779 -11000 -18724 -53496 -51861 -75875 -62462 -15640 46366 81217 84767 1020 -51564 -39965 -36988 -66928 -19613 69144 -65413 -82546 34086 50122 -80582 84600 8419 -62431 50209 -63592 -76472 77458 53125 -91459 23917 -49938 -40937 80168 -41240 -52335 -79212 -73170 57973 81846 -12467 -92311 17469 -51239 79140 1180 -20170 54700 -73902 56208 -30156 -63154 77345 75544 -36280 33745 -86212 99564 -29466 14288 -79307 84912 86170 -8298 92752 -65495 -39526 88784 -58357 5982 -89475 -48028 -71219 -63881 -86116
86203 56777 34401 42622 24911 -70295 -27387 40454 -68196 -79063 -14893 70543 -32490 55061 5152 47831 4249 -15112 47970 28986 -97798 85497 38446 -48668 -6943 -57464 6881 92179 98612 -53468 52604 -77704 -17540 -65985 94498 -53821 -97142 27279 -95808 -76113 65463 -49367 -54291 -67131 61643 -89760 -15465 22132 -98385 6474 89950 -97732 -69345 -48532 20684 53000 -25483 16141 16081 -54633 -1305 31858 40462 54731 69569 9698 -91461 64851 86568 54611 1290 -86048 -39144 -85270 -12481 -82096 19202 46417 -38747 12444 39827 99840 -64646 -72604 93508 -98999 -75838 39937 -21121 89518 -38322 -84460 -35144 67572 18887 -17337 -87712
42423 44030 55095 -83006 -84876 -59085 -41301 -58793 -19230 64965 86137 -60730 16681 -56121 -48850 35663 97134 -3391 74777 16661 -54584 50938 -66621 36072 85010 58197 39556 95662 -37997 -61369 -60865 88535 -92030 28019 -76265 76383 -17637 38302 -6459 -13420 3111 -10260 46950 -60240 88853 -72368 14040 74645 41513 85502 -69127 -83388 61702 -21731 -56940 42682 -71848 4755 -52227 -78261 -34573 -94709 -44426 81113 21140 -20187 -34852 -54583 18075 -39618 87758 36670 -4697 -68801 -73462 66185 68307 55098 22242 61019 84196 -2171 5821 20498 -59053 -91123 5361 -82687 95203 -89273 25904 -67330 88698 -24822 -55152 74310 -12086
91387 41989 -32502 44781 12476 -9086 93963 3539 -57036 1211 -1112 -25642 -84685 -52517 89900 -4801 56180 85866 -42654 -18689 -5657 -93782 -66926 64398 17187 57749 -59230 92318 90192 -37875 -72521 -69275 85408 52384 40405 40250 -55979 -199 85374 -38248 34231 52642 77559 -37419 -58726 69168 6035 -94294 85988 -90104 99515 65723 -84520 -17379 201 -71458 43356 -28113 -72589 -54580 48483 -32807 73172 -31896 39793 -71553 -72482 28731 -66992 -60345 -42936 -39529 -91358 -73056 46777 63437 57108 6621 90219 -74845 28928 -46738 -35713 10322 77344 11773 -68394 -73705 -241 -46480 -26080 42987 73303 -14107 -8312 -87971 47920
48056 45830 99156 72088 43444 -1287 29130 -33565 -99954 -51219 69897 35766 15591 -40178 13934 40491 18501 -43069 -99797 -3009 -44560 -62986 65289 76818 76322 -94510 42037 56364 -94650 91564 13695 -37208 45321 -46446 -62150 -2710 -32630 -12847 20811 -17674 -36844 19277 -59876 -37532 -25240 21811 -16 98497 -85742 94660 -35614 12273 48571 -96223 167 -85202 -21902 71276 67389 -60491 42452 84720 73976 -99695 -50465 -24632 54363 87952 13874 47803 -50315 63767 -61958 60807 -81889 -75937 54376 -88881 -18905 -47844 -33768 -88723 -34477 -84769 47689 45452 45743 31516 -95977 80804 -5412 -51966 39639 29427 -97634 51881 65585
-59174 54792 25240 -79146 -88291 -171 37840 -72644 -4501 36031 -87391 -76956 22091 -93013 -60911 45641 95164 -34581 -66938 -12208 -84712 45896 -76219 59261 -16881 95177 -4292 -36842 -40286 -78241 56707 -27302 -79178 -27581 275 -98987 67285 66221 28429 -2956 14099 -23441 5792 -10706 -25838 -48442 -95719 52404 -26194 -64115 97322 -75538 -63589 48646 45473 -26161 -93736 -59815 -47263 -35396 99664 8138 69715 28905 -54538 72457 -24932 80179 -39295 -32259 11515 17198 79745 -12856 -78187 -98410 -7631 -40854 -43210 -689 8119 -63101 27220 -64514 35399 -31635 -2939 70412 -9744 13169 -99378 20916 60718 -65012 28906 47397 -4194
-93223 40978 8488 -7359 51376 -6393 42708 -11163 -88832 -26557 -48976 -71241 61147 -98193 22551 -86820 -11384 93599 63666 -99601 -512 71818 -23380 -276 -52869 89615 98789 -6382 -78566 92175 -72268 44775 -22408 -47392 62271 81056 75039 -29587 94330 21062 77292 -67947 -63690 81159 -29169 80195 38974 22927 23464 51598 3112 -71011 -14740 1848 -55222 87664 39354 -3149 -89601 66452 20627 -92548 149 16926 59331 46119 92416 -65776 -41711 -49844 33251 52928 46632 -91438 64757 -87848 -41943 2105 38893 -16068 -94362 59037 -28700 -52313 -39559 -84019 10162 -73259 -77974 44931 -21084 66538 63926 18063 95588 -81968 -44016
85606 64959 49156 -89862 -48008 18231 2730 -34010 85418 -8615 11435 19885 83283 6716 -31374 70292 34544 -13729 91088 30372 37009 76777 -11973 -44680 -18071 36116 -89349 -88818 36668 77157 -9747 65404 -69230 16699 69525 -69898 67678 -33684 -60680 65091 93005 93547 44493 8593 64400 22739 -70602 25062 90042 51897 -27352 -89708 28553 53136 93146 85006 39960 -88891 92659 74239 -22224 25801 -75006 -83270 -27876 65591 27131 60423 -31501 -90315 48740 -35110 14854 35307 69782 91078 -22108 -96480 -34767 69444 79462 59951 2433 17616 69576 -67222 -38743 61708 43012 -16588 28276 81908 42783 5732 93219 -63538 -25169
-89181 -73939 -57086 -79637 -21523 -85539 -11269 13109 2789 57608 69464 22851 -84755 34878 -98398 -68167 -31449 76730 -5030 61787 -39497 71564 61521 69918 -93785 12100 -26277 48827 -24020 -60027 -77149 -12749 -530 22844 -64125 -11996 2838 -29531 -8185 -23296 -48623 62341 -15267 54970 -13448 9357 -41882 32150 -66805 -77846 -4088 92222 -74848 93234 -593 83154 -53303 25472 33354 -30308 13799 7178 63416 98743 31539 -98379 68473 -49632 91817 -74638 -84906 -80724 26367 -11435 -72056 -82350 -74527 1198 75986 7156 13178 74509 47499 -28970 -92868 89946 -49565 61089 -59333 89064 79185 -44779 23258 -31702 67218 -84415 -28831
-5017 -36684 79416 77328 -71463 32934 47510 61045 -57440 59120 88986 44299 57526 61275 -94071 -12672 78054 -53233 3762 98535 -32169 4843 66420 85008 -9304 9961 -31519 -15097 -38166 -30347 10413 13451 -22638 -9257 -64480 -32194 52913 37418 45382 21845 28738 14765 -91080 59976 -85313 36371 73839 -85880 -35568 -81928 47211 -31187 -45724 -29190 23723 -70473 4832 -12840 43759 -87346 73427 29868 -49197 -55548 38676 77152 3696 43379 27874 18466 -31600 32944 43213 40749 -8058 -69078 -72276 2542 61808 17894 -34542 57238 -81575 31867 59130 -79460 73311 -31247 61798 -89719 -58328 55486 -16400 54779 63385 -75839 46243
19373 7158 -78802 36762 79479 -58493 55286 26301 -86030 -8430 -26995 -95111 -54886 88150 -57967 99329 40366 20033 78293 77554 92490 -14835 -15749 25736 -74247 32922 -67450 99463 22080 -60894 -86885 80267 58999 95648 96407 98263 47666 1462 -62342 -26822 59393 -69196 62542 -19858 92754 -63322 -45894 35634 -9779 28005 90413 85761 63605 68860 4020 34510 45088 61902 -39575 66062 48534 70852 76850 88289 15479 34578 25789 -58165 -24876 70424 -53186 -62811 63833 -65294 -42931 17778 -62220 34748 -87140 59508 59446 -81781 11547 -73659 12026 10389 70861 89060 -95817 65811 43218 92847 29754 -36725 -7870 82662 -22088
24221 -87357 84707 -81852 39331 94342 8028 -69676 83345 -51405 87239 -19345 40476 64078 -32653 -64825 14906 26496 39954 -74452 -19782 94827 9525 -46188 -16992 -66651 9509 -67310 74097 8224 -66857 -71037 -91153 14587 -30664 12198 -17070 95164 73829 27536 43176 -62543 37967 45332 66103 -28922 14903 9672 52732 10813 29789 461 20242 -1963 30369 14377 -70465 66683 71755 -26322 15492 34345 51743 14462 5577 13178 36683 -95850 13342 -25584 43573 -92454 -65668 63606 -62729 -58053 -43957 -86104 -74386 37066 -89908 -36952 95513 35070 68527 -71020 -18924 77855 33909 45683 21509 -77666 -88190 -1795 -79373 25892 14520
3199 -17060 98802 8565 -41386 -39447 14153 -15766 99589 -5285 -38114 -46637 74815 -18164 59371 90757 412 -14413 -32752 16678 89784 6648 64653 75096 -44991 68579 78798 -46829 83964 -36848 -11173 76778 64138 -78071 83209 53147 -57386 -3681 51978 -24361 -90904 -10240 -30821 -71398 47532 17156 21767 66652 -27696 -86969 84144 -48336 -94383 80660 34912 -83417 -93491 -99114 -72642 60663 76748 91666 -97422 -83053 3764 27984 -1625 -66845 -51335 20783 -14847 -763 -58004 39319 10143 -77102 -46167 23164 57197 7434 6189 -20181 -52660 86842 -35438 -83576 -84595 -69972 -40079 90524 -38173 63260 -12611 -48044 -87102 64948 -42700
4521 -82913 13250 -58800 -20816 -10310 -11292 -95636 -78058 97918 -15099 29515 27716 51104 9955 -75394 27800 -66808 -69435 -32307 -27782 -47797 99752 -85013 16140 -46908 93321 -32136 54380 3056 -74582 -80351 -63001 -66086 -95444 78185 -8259 -28053 99223 -78880 92070 84906 -64271 42363 -55537 18754 -94765 -99900 -67779 72544 90350 16506 -28676 -59380 48012 71629 62699 20887 67427 44722 71723 66812 8835 39475 38727 70215 97411 22257 38974 74589 38676 -28143 21769 80440 26582 84868 705 -97129 -9787 -30132 -68425 -44871 31304 -38121 64865 -20847 -8126 -13122 -35232 22362 76811 -94229 8821 51283 75343 66291 -93081
-80360 16018 -82330 22588 66526 57592 -17243 53485 28774 78421 32072 -21696 2826 -33509 63846 38002 -17808 -58559 -76730 -90554 -81081 -2056 23274 1721 -79691 -59674 -16572 16855 -40120 77865 -25126 -63733 26928 11328 -65829 12885 -84768 -89779 68353 32352 44477 -1021 -35881 46031 38450 94620 -95946 -68048 -726 -95127 43307 -27271 32519 36371 -82810 -22179 -36584 52241 66662 98726 -50109 27529 -66564 67032 -80338 -51297 -24171 19131 63537 59896 -62975 -34144 -42076 -29430 -42295 31902 27025 55550 -46079 57644 12231 17207 40967 70986 -57001 23156 -31112 84834 52153 63977 42984 -79621 -23370 -55017 9769 30568 -81758
44003 -17572 63592 85121 -3243 -1250 61960 -961 29964 -90481 -19268 7401 -38978 15063 -55984 79985 98466 -84274 5668 -91673 -6938 -45250 97909 76541 66382 17302 -72397 -30371 25652 -22759 48808 41544 90466 28346 45500 3643 12207 31848 27047 -33857 -61026 -40253 29117 -54054 53618 -53941 80854 -67578 -14998 -82208 40983 -37548 81741 8974 77623 1490 -46708 47230 -47497 -68367 5659 -60888 -24100 73932 42693 14924 314 90935 -15018 58333 19663 -49772 70165 -55746 46171 8029 -79179 -25201 59738 40501 85541 -78647 20308 -52508 -21908 10272 -79789 46830 77338 64519 39087 70722 -5949 53975 58837 -2067 -55381
55957 21655 -98483 49803 -32007 69535 -99067 -46490 23469 8961 -66963 34363 23107 49572 49062 73655 11891 56922 57595 -81642 -87479 39278 -51948 97085 15650 -62839 77209 -52464 19127 -94014 94596 66619 -24395 26222 81655 41851 31484 -63255 37786 -87520 -64197 -48777 94844 98914 32568 7126 3019 83851 25571 69966 -21205 -3886 87471 44459 81587 10007 2606 90046 -11436 62282 29447 4963 -96941 -38958 63790 70989 53073 27558 -79513 62803 78605 52735 84956 -36777 -71163 -31176 -16815 -13268 37385 50669 -23398 -42260 13546 39935 -5781 5600 -57783 80832 -44955 -3956 74014 90168 17852 -6281 -8556 20670 -19858
-72909 -23331 70388 -6734 -16546 -55810 18888 -56026 46604 -31283 -77051 26207 -95374 -122 13015 -76249 77892 -95196 -81355 -42285 39849 6671 -72649 84828 -24768 -9558 84056 59609 -14427 9699 13989 56211 1130 -81633 -88587 -51013 54920 91662 52278 26252 -15246 -67214 -98883 -32067 59988 -20030 -82283 20646 68081 -78373 42620 -50506 -375 16634 -73811 -65590 11085 74293 35643 33109 8425 -21769 3427 36789 -96655 -17727 -37678 74348 -2923 -9244 -52030 -37430 -21715 93688 37865 38246 74380 60754 30385 77985 51756 -97675 38149 33570 -86828 -19636 -10304 -60150 -72276 -43943 -67296 -27854 50104 -30082 -94615 24301 -80291
-83283 45027 72779 -16456 82139 57656 80313 -47235 -92194 85074 -18177 -54427 18193 97366 46258 -67542 39674 -1297 28018 -36031 -3240 -88773 98046 82406 -34540 58385 -34607 -32583 -57206 73417 62416 -74596 -82554 -27182 20213 -27160 43510 93058 -52477 -13328 34985 -43991 -31239 -17436 -57364 -68506 -96836 -31530 -27183 89442 -32962 -24689 83536 -87324 51257 -32982 65481 -29235 69139 85578 1713 579 57348 -69247 -22691 58743 76849 42057 24068 -69403 60854 -76327 83957 -73192 70993 58209 97637 72424 50349 41792 89070 6210 -52998 -51531 71866 -54011 -92253 66175 23665 -70124 -31315 50817 -34795 -8817 -21485 -91199 -56383
17614 -64928 98225 33755 68830 -29097 57537 -97703 2914 11587 38509 10725 -74768 -46523 29180 -9422 -84816 21081 93456 26849 -21435 -32184 40601 446 -46613 -64799 94557 -562 -65637 35294 14430 11865 -27771 -10359 -18499 -22383 -91594 33598 84272 -70232 67474 60093 7946 -57734 1332 -3078 69788 -66564 -84397 57170 1710 82897 -51363 -93863 -94417 25774 26477 -43630 -50326 -35047 4214 17609 7647 58312 81213 -94495 -86323 15054 98557 10502 -56195 60094 64449 -33389 49042 46387 -36328 50705 95035 31447 -13912 -92449 64071 -98916 29229 22162 -84325 8215 -97147 51246 -23191 -67902 31015 -78083 -42958 15115 57312
