9021 3269 8163
6437 1767
6156 1779
2604 2115
4076 1047
3645 840
4994 2049
4160 2107
8253 586
2774 2893
4233 696
2736 699
4079 2316
3884 1979
5778 643
4343 1356
6019 1284
5186 1133
4886 2181
4023 552
3229 2820
7606 317
5858 2477
1925 1852
2056 2923
2714 193
1060 335
5633 1368
4790 2077
7914 3079
5810 2175
3253 242
7851 2370
2952 351
789 2198
3735 2014
2546 407
137 2402
373 88
4959 2282
909 2258
2098 3053
3422 3207
8042 1215
3980 1377
8036 1409
2340 2311
6617 498
6205 3122
6121 590
2894 1629
7706 1387
2382 1287
8350 405
6386 1659
6042 2103
1050 2979
7386 45
5402 2231
5979 1574
6229 1018
5779 2046
385 2110
3659 2196
8014 3231
6261 1672
8229 2350
4008 553
253 2206
528 1317
2909 1148
833 1884
3855 92
8732 901
616 61
8610 2917
2449 2260
1018 2675
601 2762
570 1835
1282 263
6221 1130
2145 3170
3976 2473
4642 2109
4320 101
4156 2115
821 1498
8166 2723
2017 1120
8781 1042
8267 2894
7570 763
4710 1049
3261 3200
8638 2679
2164 2483
941 3154
7194 39
3401 48
6639 792
3279 592
7025 1104
269 404
1740 2959
8082 1327
4737 2344
4759 2790
266 959
7002 1171
3026 2355
4739 1250
2525 1698
6788 2853
4663 2030
4279 1434
5266 1401
70 1405
5586 2379
3203 3050
6676 465
7045 2872
2201 2508
2110 1571
6972 2955
6683 1064
8499 2380
5020 2793
1605 928
6974 15
5127 1752
993 874
2136 371
1466 1199
2987 1878
3803 2000
3175 1922
7335 2440
1530 1893
3830 1753
7521 3248
2806 2113
3997 6
31 436
4583 2968
8270 43
5099 508
8434 1177
6304 307
2246 3091
5232 1181
6727 712
3200 203
5344 733
5699 2520
3155 782
7430 2139
6895 1074
6418 2557
754 475
2737 2408
6904 1247
4034 1061
4609 60
5377 1034
4804 331
7448 2469
3103 2410
4565 2668
5268 2793
737 790
485 848
2690 1473
5098 233
7359 1576
1867 1566
3687 578
5590 3125
1927 2728
2261 1626
2295 2408
3852 627
6503 2830
7327 1430
3556 2569
6045 1164
6553 848
2436 2973
354 1213
6062 3121
2257 1400
890 2165
3151 1666
4953 662
6926 703
7611 3194
3108 2553
7947 1142
3818 1719
723 1370
8140 1327
5076 133
7085 2382
8491 3104
5005 1674
8017 1120
3299 172
7031 2468
1330 355
5642 2117
2963 2010
2522 1221
3162 749
3473 580
8204 479
5092 2997
8305 2686
6775 2280
3431 1874
2222 2525
6430 763
2748 1429
5214 389
1722 2749
8091 2408
1891 3102
4558 2291
8340 2563
5013 3110
6015 1078
2365 3064
4135 1316
1313 2856
6467 976
5418 3065
2673 3180
3398 2045
6144 2855
125 2006
689 830
3695 1064
5497 1290
1286 33
8282 627
4785 3060
3991 3220
5072 3079
2822 11
8863 1142
4230 947
914 2561
5828 759
6462 719
2635 252
7734 3223
206 2453
250 1577
5494 587
1982 1251
4705 1522
2257 3142
3868 1203
7694 415
3484 657
2682 2303
502 2033
2980 2793
3420 1927
1121 760
1037 2928
2784 791
6475 2398
5490 2183
4615 2134
6880 3257
3436 735
6610 61
6411 20
8933 2848
497 450
4505 2348
8195 744
3778 1407
3166 969
202 1231
8278 143
8281 2134
3673 2326
1510 1285
3871 1782
6215 460
1795 1322
4187 1944
2734 1727
5109 54
1052 2627
3174 477
5619 288
8231 1054
2315 2864
6206 2919
6271 1906
8280 2029
372 575
5693 2030
3472 2943
6036 2577
8764 2691
3450 2411
2184 207
3148 729
4635 1344
6199 440
2742 379
3143 994
7376 303
4168 3087
8404 2597
2952 1777
6793 1670
6283 178
6686 2847
1947 2012
2867 430
6680 2657
8684 2947
4927 912
1380 2117
6532 2095
5353 1662
1785 292
5578 1465
579 196
2553 2698
5326 1053
1830 919
5803 2594
5242 1359
8668 115
7524 2885
5537 2774
6013 456
8041 3090
4181 46
1304 1285
4808 2729
4563 2556
7410 2015
3761 1914
437 22
3491 458
6539 3198
697 2720
1251 2310
5042 1353
2388 2389
2414 2435
850 541
5080 1381
6726 1449
1652 861
418 1985
4273 1856
2309 546
1399 1518
4874 1219
8812 243
3486 891
1934 777
2009 902
791 1752
3203 2272
2373 1864
8422 995
441 2726
4520 2813
7618 1391
3380 3093
4097 3078
432 25
3667 142
4101 1672
5404 3147
3732 2683
2755 1018
8215 1080
3333 2108
2786 1539
8211 1590
8329 190
5357 1388
8957 1036
3479 3128
6720 1677
3803 2138
8378 2673
373 166
961 2908
6492 1533
4906 1941
5734 2857
3797 1562
4273 916
208 2449
4191 2524
736 1725
1799 2068
4401 1218
6652 2037
1633 634
8313 1180
134 1297
6834 1811
5348 657
1244 973
7116 77
5945 674
3281 1498
833 3092
3334 1763
5625 1330
3457 926
3682 261
3022 2051
1274 2989
4105 1584
1093 2502
718 2889
8701 94
4228 2043
2019 310
3811 1142
1217 1212
4185 3096
3246 2589
899 3048
8822 551
4544 2257
3838 2009
387 2032
138 1029
7343 1752
3507 2618
4701 2798
384 905
395 450
4508 485
3570 2813
6336 895
4078 693
8185 2990
2297 986
3185 2876
7868 285
5774 1305
6928 2177
1325 156
1980 1839
1297 716
6003 564
288 2265
8590 3223
7360 2329
2860 2913
4693 1110
1724 2289
3919 1168
2122 2485
8240 2179
8717 1130
358 435
7359 510
1470 2887
7010 235
1126 2077
5468 2205
2350 269
2244 2661
7229 2860
2752 2747
4768 2303
4398 2995
848 1941
1262 1863
8473 3154
6516 2305
1363 1486
8253 1734
2709 10
3758 1845
7886 3151
207 692
6860 1235
1597 672
3612 1103
3142 2981
8000 229
7807 1520
872 1805
4838 2339
2122 3203
6 333
7862 2737
5089 560
6558 899
7329 2568
7317 1392
3998 2035
8908 787
5535 1960
4716 2429
8412 2017
6656 3177
6612 2233
6470 2295
5977 2982
1736 2947
4581 1660
1500 515
8547 1178
7798 2985
7004 2723
2702 2431
1577 2104
4653 1264
1032 109
777 1278
7527 858
4901 2482
359 12
4906 597
571 2164
6786 813
1964 2803
251 956
6613 2504
4704 3065
4129 1614
7739 2730
5360 2319
6614 2351
1841 1056
4843 1018
8572 1747
1053 1562
5786 3237
2483 1344
3142 1773
4460 57
6149 990
4331 2052
8506 623
3374 2067
7357 1714
8408 1787
8519 2896
1006 381
6207 2600
6429 1946
4170 1339
4730 2803
799 3114
5718 303
3049 1072
7156 2433
1561 1582
9005 2194
7912 1623
2540 1871
8174 939
3812 3073
3900 2807
6820 1917
2305 2672
8256 2357
7013 842
789 672
5373 952
6601 642
3826 2083
4673 1946
7778 2051
5359 1128
1231 2600
617 2458
5953 2374
392 779
2420 1551
375 750
99 2458
4361 3098
5702 881
3855 542
3423 1012
8432 2095
4824 3263
1214 2415
5737 1030
3932 909
7382 2843
6530 2547
2036 3017
3676 1053
6718 331
2903 2934
4659 2426
3063 1570
8788 1797
1539 454
2817 914
7178 463
8368 2411
829 2524
7686 1835
8337 1814
1675 1766
5689 728
2657 1128
4348 2661
3572 2507
3106 691
5663 2016
3959 2804
8319 1844
7948 881
1350 851
8030 2551
8677 3056
1276 991
2867 1472
4172 1931
6230 2375
6307 2684
1881 360
7465 2836
8879 42
2137 30
8244 253
2347 2304
5567 378
554 1007
6203 790
5059 806
5566 1987
6637 1906
1322 1723
1988 3041
3897 2068
7650 2867
7833 912
2738 1339
6186 1527
3306 3085
4524 863
8547 830
2761 150
2876 143
64 97
8016 299
8171 2394
7869 210
740 2351
2541 2442
6503 1570
1962 671
1036 3229
3939 1454
3567 1638
4449 1792
1171 2892
4941 1294
3860 2273
1155 796
8888 2293
7192 1483
7272 1
3259 758
6490 3121
681 1772
8576 1171
5057 2984
2131 2174
1786 3093
3446 105
2412 1
1294 2009
4259 2412
7909 228
7065 2078
5415 2830
108 849
2680 1519
8171 2982
8641 2872
8263 344
3117 2320
2410 577
2812 799
2607 1216
7716 913
3974 2883
999 810
6165 1426
1873 2152
868 2069
198 2471
6979 558
3357 34
3230 223
7041 1174
2592 1141
6366 2039
281 3054
679 1194
7532 2281
488 101
2855 1118
1739 1334
8292 2783
5981 1110
3905 3140
967 2756
6179 1104
3045 2318
4901 1690
385 2370
397 1424
5133 780
2467 2168
3268 3057
6457 1006
1351 1922
2761 1570
1508 1969
1405 1214
5148 2463
230 2855
964 853
4681 960
7242 335
5024 2789
3405 1742
5325 1670
3361 3166
6122 2017
531 2116
6661 2246
1898 1039
5469 720
2630 2821
6481 6
2682 933
7292 297
3988 1531
5376 2899
2382 711
8832 457
5957 846
140 3137
4925 2290
2189 1270
265 752
3251 1514
363 44
3460 1287
7711 154
8427 872
3434 2959
5553 1130
4573 1330
4589 1796
153 3182
6735 740
7933 2590
4122 247
6243 1250
1341 2964
5908 777
8090 811
3911 1296
5356 3081
1069 978
6037 46
3341 1822
4183 3236
7577 922
8693 2434
7793 452
1179 1290
5024 2305
3051 3186
7438 1309
2510 2973
4950 2931
367 1596
1442 1463
5358 539
2546 2607
5651 2626
617 1686
10 1509
2335 204
5420 977
5536 385
8572 1887
4101 3262
8612 1747
368 581
6175 526
1450 831
7067 40
286 609
7448 3037
8903 1142
5843 1734
8807 3122
47 2134
8120 27
8855 178
7773 2060
1936 775
8939 224
1756 787
6784 911
4911 1364
1938 1799
7786 2677
5762 397
2308 1271
2329 2926
1579 2938
1735 514
2727 2132
7338 1213
220 147
7695 462
4150 2411
7648 1779
265 1844
5262 907
7908 899
1796 295
5092 885
8773 1932
2052 2927
6590 275
6050 595
734 15
4069 2620
7847 3190
5140 1835
7379 2384
3788 1261
3562 269
2219 606
5194 115
7968 1575
2778 2815
7820 205
102 2159
4384 973
4857 1002
5676 1967
5482 1779
7974 1233
8421 1594
3215 1660
8024 3061
2082 1117
272 1625
3485 864
777 2298
5244 911
29 1494
5624 2237
2938 925
5791 52
6568 453
7852 485
5126 3009
1259 1116
8408 3187
617 1114
1621 1904
5653 2296
8685 290
953 2716
6561 3176
4360 2529
411 3146
6650 3143
2421 336
8423 2190
6250 851
4584 1011
3484 763
5490 1367
2523 2008
1270 1645
3784 1775
1111 1286
5896 2479
7698 2791
3621 244
8528 1865
6311 710
2888 1255
2734 2865
1500 287
6730 1021
1051 266
2833 1646
5376 2389
7601 260
559 1784
3136 1225
356 2773
4405 642
4849 1656
5912 1399
5863 150
4113 3262
4265 1544
593 56
5024 2375
4927 12
1054 2361
2958 277
2970 1611
1619 906
3731 2172
4422 179
6537 1474
2500 525
7529 2058
4650 747
2293 2220
5828 471
6044 631
7712 1233
7504 1669
7173 322
2975 2056
3268 1501
3930 1143
2362 1107
1044 2815
3559 1790
5151 3242
4932 2757
3155 428
2496 2083
3504 1191
4066 1811
7656 1507
2277 1750
7989 1658
5265 564
5582 2893
2970 609
5465 3170
2565 1194
4171 2122
7947 1008
5106 2097
2492 1827
4669 1836
6864 289
506 131
670 1303
733 3138
5403 946
223 2184
8900 2529
8648 1187
1274 1091
5370 1429
3326 2417
3627 2498
3790 1047
5151 2648
2695 2828
2362 1381
6225 2078
6348 2525
6023 2486
5671 1868
3136 1387
164 3135
4384 2201
2232 2413
5452 425
682 1723
8506 1597
3821 1424
8425 1108
260 591
5884 1179
2736 1387
3706 2339
1063 1752
464 559
5306 1141
7397 2114
7332 1431
5604 1893
3483 3256
3160 1983
4438 383
1681 386
1050 1055
1497 3046
8285 1540
2991 962
6745 1692
7496 405
5695 1748
1290 2565
2428 3175
3963 918
6485 464
5299 2956
6610 2713
3065 2894
6818 1677
1604 2023
8991 1054
8172 1207
2536 2489
8362 269
5550 175
474 2689
7651 2326
8493 724
3322 1935
3802 913
5482 115
2426 3247
8586 2951
8309 440
7236 1837
5737 200
4628 2673
1979 814
4301 1816
644 1779
8559 1234
2937 254
2515 2812
1103 1806
8088 1531
3121 2340
1862 3001
7921 1362
7766 1393
436 2223
2518 1475
1335 1342
3961 2106
3537 1950
5524 285
3470 1409
2242 1253
3026 2547
6449 1828
3643 1426
7999 2214
7289 2560
4216 1603
7845 2436
1823 1208
4013 2424
4202 535
5608 399
8457 1850
704 3091
2426 2541
8007 2892
1038 1033
4295 1038
6280 697
4500 1243
4774 493
1688 1553
8539 2010
3584 121
2033 2246
4294 3001
6529 2904
5294 1341
6977 1708
5744 3049
8017 2952
4728 3155
906 2737
7941 1136
7377 2600
8263 212
847 346
5679 44
7730 1547
8054 1049
7937 2140
4581 1666
7583 2130
6197 2402
8954 1271
8421 548
5585 2488
3963 302
6979 1530
8581 268
5271 1506
754 227
7614 281
7043 602
7777 1878
7442 999
5373 3020
7197 1292
4262 1281
7870 2607
1280 2289
8444 2881
5592 2707
8174 1049
3227 3070
5447 3248
6910 2011
896 1115
5711 1110
4991 1910
858 977
3110 1357
777 1912
6779 2304
5235 3192
1852 383
6868 1233
7174 2505
426 95
4027 1806
8376 611
1684 3119
7104 1003
5794 633
8649 2734
2790 503
3662 2973
4304 2091
6841 698
1007 1828
1168 2155
3856 1763
9000 3131
3998 1815
3228 1683
2617 2290
1514 2407
4116 143
2941 1136
3722 1449
6843 2622
428 1725
2783 888
2069 1334
1792 1445
4788 2509
5433 708
5825 2018
5753 1508
5390 1
6651 2650
2443 822
7085 2608
389 1402
1777 1812
4427 2106
3078 1771
546 2141
2440 3267
4843 2430
4889 1940
3784 1521
3940 1329
4421 2020
8352 365
6345 1884
6204 2861
5184 555
6208 1995
2033 598
6695 1592
5099 2812
6873 1740
6434 3241
3227 1716
8273 2258
5035 408
3854 1589
86 293
1073 2978
5179 1536
501 1316
1503 2540
813 386
8424 599
5105 3010
8211 1438
7908 1503
674 1105
1760 1561
915 2932
5023 2152
7295 706
8608 2125
7986 2929
6143 932
3086 2395
1129 1436
5717 1108
4543 1544
6946 2391
1646 1775
4082 523
7593 196
1046 1589
1832 1003
2484 1437
3781 1520
5837 330
1715 1950
2624 793
2088 2097
2271 2140
8517 2460
5291 1122
3554 1187
4482 623
6675 1784
459 2868
2834 3105
3094 5
4703 1388
3870 1165
3290 2321
6897 428
4367 3246
1529 530
4145 2014
7715 2114
2058 2163
7846 655
1536 2775
25 938
2522 2595
7091 1380
8447 436
6195 70
623 2012
2362 1369
3368 3143
2813 2790
7937 1566
2354 2955
8074 1425
4718 1213
8920 2097
3746 1439
465 2746
3307 974
6030 423
1129 2834
1232 981
7726 2367
7080 1275
8760 2283
7093 1482
7751 102
1449 2724
1189 932
7259 1266
5518 2983
8075 1376
2439 626
1582 803
6336 623
4461 1694
4231 1844
8803 3078
6916 1281
8652 2521
4644 669
8597 418
9 2132
8846 757
6590 2331
5943 430
7658 2825
977 778
6252 109
2466 2331
5745 822
861 3242
3623 2424
4412 431
7199 1040
2755 1062
4431 436
4713 1560
2037 628
2579 540
5383 1486
5315 2654
2060 829
582 79
4326 475
129 2590
6990 2771
8114 2013
5095 2770
3304 165
2703 1316
5233 2138
9021 1678
603 468
1178 2591
3102 3027
8394 3119
4169 1234
359 2834
8773 2882
7251 636
4968 1453
7775 586
2766 1245
1084 865
1016 1221
6105 2166
4225 1766
7983 1172
419 2364
5623 2000
4381 452
7576 2987
8255 882
6790 1675
4407 2962
6153 3152
1442 3081
280 1991
6579 534
7178 631
1892 3153
1036 3199
8581 1672
8222 445
5273 164
5685 2924
7932 1813
1043 1700
3012 437
3460 2881
7146 1529
6728 2543
7904 547
7341 2580
2442 1935
2396 2671
4859 450
6595 2576
4286 1471
2199 1902
8549 2878
3292 1689
2866 49
852 2941
8564 1749
7865 1722
2666 1329
5256 255
4695 890
6051 1468
6325 2072
5860 783
7170 89
2857 2144
4028 2417
2185 1742
3728 1171
5866 2449
8126 2831
1029 1814
3715 1910
4484 553
7505 1300
6792 1383
5593 2162
1028 1345
6438 807
6191 1168
8896 285
5429 992
5854 75
3040 469
1891 3042
966 2717
2465 1838
7981 2066
859 3078
3814 3231
3253 1728
6730 1963
5251 2532
4447 598
3259 66
1201 1294
2272 1661
4807 3102
5924 335
1167 798
2385 572
7007 2582
4325 1728
2259 3194
7993 488
2083 2906
1260 2379
1879 2186
8054 2897
2248 2761
6365 450
6343 2598
4947 238
1848 2575
2256 915
2750 261
4868 593
6903 744
8770 2113
4360 549
3414 621
8176 2051
8957 3168
2297 746
5689 2246
8692 2961
4221 1340
3157 1670
4171 598
737 1648
7466 2387
6712 423
6245 2140
7467 3106
46 783
6328 2061
4901 2550
268 557
8399 1020
955 1120
1588 1075
7604 587
6342 1263
7477 2718
552 447
6116 1363
3677 2528
2408 255
870 477
3057 3220
8071 2
1373 2032
3535 3150
7121 2834
8635 1806
4911 388
6992 933
454 3109
894 161
6569 448
7651 1350
6939 1752
8110 829
1134 1059
6059 444
5462 2425
40 2987
1053 2160
7434 479
530 901
8635 610
7512 2685
3350 1953
4071 2566
7705 576
5392 1251
5106 635
3171 1074
7275 3148
3181 2172
6222 961
6396 1655
5789 410
3204 1241
1702 1231
8159 1410
1269 110
8954 1471
9014 2439
8855 2502
8645 1928
6626 363
5424 3205
4239 2566
3116 179
2763 114
5517 1568
6753 1972
6902 2003
8991 1906
339 1254
5717 1164
7246 2259
1604 2307
8027 72
5835 458
5735 1826
355 3162
3087 3234
8901 634
2270 1019
2782 1593
183 3168
9003 610
8365 904
4273 1374
927 2208
6513 2292
2807 2132
7172 2555
676 2711
574 1585
7335 700
1786 1237
3202 2311
7216 133
818 1169
130 3117
7754 3059
7306 409
5742 1173
8699 40
6613 856
2042 3197
2776 1427
6162 2787
9 808
1755 2594
7637 1250
4083 48
8654 705
4703 1866
8586 2179
7883 684
8091 2210
4404 3207
1266 1229
3620 2397
1704 2781
7739 474
7578 27
6390 2917
8448 1879
1011 2192
3864 2927
1217 1210
3943 390
7087 406
5978 2285
6914 3155
153 1962
3413 1090
6984 387
6867 62
452 217
7594 207
1260 2999
8383 3186
1672 169
2161 1852
6628 89
6889 3256
5631 1464
8226 3047
5746 2129
6954 2231
6422 999
3569 1334
7615 1148
4760 427
8977 832
1279 88
1248 2839
600 1987
7782 2913
7066 2343
4729 3108
8120 561
6320 1737
7749 1126
2694 2377
6010 2985
4723 1490
6888 1613
5367 2342
6844 943
2011 768
63 540
7465 172
212 525
1395 3124
5553 2224
954 275
4550 1835
3843 26
1404 2509
2852 57
7814 2293
54 2355
2398 2373
3239 2294
5068 2181
7810 561
6961 2582
2796 331
7402 1553
16 1457
3829 1240
5987 2760
692 99
4856 1
7876 987
3807 3126
7715 3196
7702 2325
7354 641
6391 966
2076 1195
3298 1731
3224 899
2620 1469
7047 1386
450 3243
6945 2560
9011 996
8967 1604
1350 3085
7485 3132
3804 1857
4011 214
296 3163
7086 817
5765 2794
3814 2903
1903 3038
6077 2620
560 2183
5688 1059
7886 455
6994 873
7849 1112
3974 1207
1554 2065
5360 547
25 2100
7076 2795
1728 665
2132 1691
8625 970
6766 1379
2128 15
4396 725
2175 2952
7983 1784
2071 3250
1947 1170
6637 2812
5183 1140
5332 1369
5881 2768
569 1770
3154 2541
7177 1764
4048 1513
2655 2670
2973 1358
3952 881
4345 74
8841 2124
2869 2630
6803 392
296 3163
6961 2230
909 808
6914 2249
3655 2996
390 1083
4224 1743
7659 2352
4343 2378
8908 1789
8573 3180
3657 770
5621 892
8042 1577
4910 661
4700 969
8334 963
6279 218
6289 1744
7906 325
2099 168
3568 2535
2519 1204
5669 2550
1049 2530
8523 892
8009 2736
5988 329
6636 1507
237 1190
2487 1490
5937 2670
1487 2904
8311 52
4264 105
7067 1314
7378 1073
5938 949
2161 1674
5902 2027
2238 1203
5655 1120
6878 2521
5298 63
4823 1006
1572 677
44 577
5129 76
1824 1871
4725 316
4343 2246
4670 2319
2783 330
1796 1235
8805 1056
2311 492
8545 1868
5481 24
7012 511
2837 712
6890 767
2768 1487
6214 127
2196 1761
2177 2544
1563 726
3251 2310
4239 3120
7253 2702
1217 2934
5141 1554
3370 2579
8241 2062
513 1504
6268 2645
1767 730
4726 1615
7178 1279
8605 2110
1117 1336
8168 2039
4893 344
7059 2906
8865 2880
3463 86
8600 2441
5619 2714
1973 224
7050 315
7952 2545
998 161
7945 2992
7255 696
1780 1369
1849 602
5358 181
2085 876
4102 1365
6819 2374
994 3195
7393 1562
4968 2461
5250 2261
8638 2387
860 3175
3031 3120
5403 2526
5994 563
2636 1345
3585 1866
452 2931
3809 500
3009 2770
8515 878
2399 540
5657 1440
4864 2363
4563 2802
6260 1829
2628 2401
2222 1419
2477 566
4043 3220
1763 2448
8801 1288
257 744
1779 1314
1797 3184
4898 3165
171 2272
3339 2600
5163 2744
3972 459
2230 2421
1047 736
5525 232
8923 904
553 758
414 2913
102 733
2159 2942
2929 1020
5283 1650
8230 2917
1923 2086
3145 2446
392 3089
6465 1272
2657 758
4214 1763
8235 1930
8585 1880
1105 1180
6270 2377
7618 851
1046 1341
5726 3159
2423 3186
3714 127
5995 1566
6519 856
540 615
2217 518
6100 1697
8751 2858
772 1245
287 1704
8139 356
7673 2278
4155 2008
63 3082
1512 227
5881 2020
1816 407
6124 1255
3722 1035
4191 1160
4968 2547
6390 2201
2740 159
2500 2897
6381 2024
1030 1331
293 2476
2525 980
7709 2934
4888 2743
3605 2754
2249 1654
1034 1909
4139 1388
4301 1048
2689 198
4691 3006
6901 1110
7078 405
4409 820
2443 1358
7009 1492
7328 459
3896 65
589 136
5624 859
3292 1669
737 170
7730 1701
9010 1141
3564 1983
2938 1415
2177 1106
229 250
5682 131
2162 1613
7877 2072
2591 2852
7888 1883
4380 2277
836 845
7705 1224
109 2044
6154 2497
5362 2491
3620 95
812 895
2726 2605
3416 435
4750 613
5499 1188
7567 2342
2651 1538
8334 1601
6696 2029
2940 559
5011 1848
652 2037
6571 3214
429 2640
644 865
7781 1044
354 1197
441 3198
6834 3135
8802 1743
6234 2319
5505 2944
8449 1836
1791 114
6716 271
3456 2789
7490 319
7908 2965
2498 1403
1514 1387
2661 1022
8403 2260
2962 1773
6417 1562
4892 2093
2859 2990
3605 166
6751 926
2082 3263
7181 1618
4715 2022
1256 1465
672 1619
3612 209
8945 1864
6592 1335
734 625
3176 1155
3430 251
8640 2771
7604 1165
5716 87
3977 2572
6292 2145
4693 1750
359 90
4312 155
415 1452
9005 2202
6017 556
4903 1242
4651 1912
3514 2201
2201 1266
3704 2597
6962 3157
2267 2096
73 1648
1323 3024
6646 241
6527 1934
487 2380
2068 1747
880 833
687 2090
1952 1053
8855 1250
5825 1960
5748 1551
6509 1320
954 2269
795 772
4191 2316
2286 3195
1506 503
8781 2530
6866 67
2201 1544
7466 2947
2211 2390
5259 2674
2230 873
1375 2956
5481 2046
5869 984
7117 1358
5011 20
4772 1575
869 486
3435 184
798 2533
6922 457
3127 2044
2271 992
7812 3067
806 1899
7687 698
8489 3242
4190 821
5324 3231
7855 2568
5153 2880
8537 3032
8776 745
6434 1223
1776 489
2870 641
3309 980
5171 1976
1463 2440
3369 2106
2054 311
5425 2662
4763 3092
2066 775
2055 1974
5070 345
6851 3116
920 815
3625 3072
8633 948
431 2766
2226 2597
2920 2471
7026 2349
5814 1463
3736 555
3186 473
3343 714
5194 2189
5012 2797
3962 2591
7604 2277
7982 1943
980 1571
4245 2828
7717 524
7564 559
360 1449
1376 2421
1829 3178
1979 2842
3620 7
2413 1598
5132 2199
1140 531
283 46
2956 455
7753 1844
3387 40
4000 2975
3766 1637
3445 734
6038 2167
619 2612
6122 669
2685 1234
5410 1179
2943 2392
8131 1572
1064 2911
2398 2581
7297 2544
7347 286
2635 1388
3427 1668
6870 549
2977 1268
7665 2338
2553 1710
1665 200
6930 1797
4130 413
1435 1322
66 1083
8767 1594
1924 261
5813 3210
8431 1418
5731 1270
3293 2838
7705 1552
8700 567
1818 2739
4365 2558
5320 2637
1747 2384
7417 1698
4273 3096
3232 2615
3382 2867
5700 431
4179 1502
603 2780
6600 2925
4081 1110
1823 2242
7998 2671
4405 2950
6290 1689
7350 3017
4624 291
3846 2733
1794 479
5327 234
2935 2272
6207 1614
2200 1635
4135 1656
7659 2130
4017 164
3571 2156
3276 325
4571 3064
6454 321
574 3189
771 1676
1907 2926
3052 3015
5592 2743
4838 933
3317 2188
7705 982
7108 111
1375 2002
7877 2530
7139 2934
6480 2313
8096 2617
8385 1486
5784 1977
1831 102
7846 1737
7521 416
1483 2042
778 279
8166 3043
674 2127
5498 2085
7581 2504
8560 2369
5212 1087
6478 855
4381 1474
6210 2131
404 2347
2506 1203
3448 3101
7794 1095
7241 2850
7775 2662
6701 2090
1726 3139
7126 3081
8694 3059
4802 523
8044 3231
209 1576
2430 2091
8537 1768
1665 2106
3419 3226
5453 1926
446 1601
3262 1441
2953 1184
6823 1422
2381 956
8220 1855
4338 1187
5584 809
3310 2329
1304 231
7104 1657
7945 3106
2565 422
2666 1463
7805 2678
8358 543
4013 1778
1762 2059
6309 3204
4092 2779
572 1295
4601 2254
3709 786
838 1467
7210 123
1532 49
8511 1812
6959 2644
4009 1806
3994 469
5752 3065
5392 2131
3303 370
2799 2306
4715 2936
5132 637
6163 2406
5762 2903
3144 491
7143 1676
8499 2932
8506 1877
5005 42
1402 3147
8062 2299
8540 1707
3297 1240
3318 423
1708 2293
8175 1024
2274 2027
1366 187
1945 1496
2378 203
4793 464
6303 1048
3531 2522
352 1721
7073 844
353 540
2798 1581
3069 2470
958 1055
5745 1846
5435 2828
2635 874
3380 2967
7267 2318
6125 1824
335 1272
4723 532
7428 1983
4762 2431
4603 2176
5275 858
2902 2617
6472 1917
2082 1781
4827 3010
2722 847
2453 1608
7622 427
2777 1404
8771 3078
829 2746
767 3144
8390 1895
7222 237
2079 1820
8418 1465
3408 723
7408 221
5097 3084
2530 1513
6529 2994
8538 1145
1083 1790
14 1141
6464 1265
4897 2852
3009 1662
256 2779
2345 828
6601 1826
509 736
533 2338
1212 1023
7382 2877
5805 58
70 1769
3112 2125
3099 2528
7182 819
121 1808
7621 596
636 431
6615 1722
7159 2018
3210 967
2481 2190
6250 151
6445 3226
3513 2176
3339 286
2257 1626
1030 2813
4818 1405
5744 2063
254 995
2730 253
2396 237
1952 105
8218 2291
7833 2164
2857 1926
2234 2243
5669 2574
6882 147
4350 2891
6246 1841
2189 538
2117 962
3934 737
1951 2086
3426 1353
4817 358
815 1496
2661 440
4972 3155
6304 299
1110 3101
7885 880
6092 1257
8618 1373
7047 2128
4639 2092
6151 3226
1586 595
1578 1591
47 3038
8737 272
5933 2600
7921 2406
2074 3205
4806 2145
8867 1772
2619 1590
8982 2833
3540 1593
8808 823
5765 1464
4542 287
3157 1106
4440 1747
6531 1968
7266 897
8029 3238
2152 1899
4600 655
4195 2904
8024 1607
6057 3162
5004 1821
3970 847
6564 1707
3055 1336
4696 1657
3048 951
3543 2438
1578 2981
2514 2481
2656 1659
5344 1171
8603 2596
2914 1533
5610 1879
3193 2432
6777 114
6840 2095
5362 1895
3051 1728
1919 2394
4634 3205
2773 766
6875 2700
4941 930
3523 1868
7811 2724
8628 1205
8200 2107
8359 1234
7098 1095
188 1123
7891 3172
7363 758
3899 3054
7981 3258
8780 269
2403 838
7557 1846
6316 249
5927 3112
2748 2511
8856 329
6735 1660
764 1035
2651 2136
3649 978
6358 1195
8363 1324
8311 526
5628 917
5651 1666
8556 2527
4671 1118
7910 2949
2073 2022
8168 259
5847 2834
7964 973
3110 1293
7224 2907
2041 2150
5828 2633
8092 1971
4220 3263
6556 167
7361 1978
2664 1753
3710 2495
890 485
97 2268
539 1202
7587 1886
6590 527
8127 2406
6020 875
1408 537
7720 3229
2358 183
6839 762
8562 3171
4417 782
3612 235
5358 1947
4272 2445
2858 1055
4158 939
2130 1155
5608 371
8986 1763
4386 2019
8039 1372
7451 2208
2943 1498
3704 1045
283 124
6299 2884
4626 1225
2485 562
2875 2200
8942 2279
2940 2905
8460 2593
1287 2864
6308 1741
1823 3036
139 1170
5939 2200
609 1136
4140 2073
4679 2988
4054 2313
6812 1747
5036 429
636 1993
2153 492
4477 164
7587 2906
2772 2883
4544 3019
7739 2304
583 134
4878 421
6566 3165
8196 107
4445 2550
599 2226
3522 1625
6778 549
8791 2536
2029 2080
2382 845
6016 159
3595 134
1683 2990
1043 1986
7373 226
7084 2803
3803 2664
8262 1243
5838 3049
5240 1961
1543 1216
8099 3246
7342 2105
3134 1431
943 774
6911 2946
2877 3182
5672 2337
37 294
1418 285
8701 2924
1477 452
3257 1558
5240 2789
3123 2196
3264 1025
925 3236
694 1533
6325 690
5867 442
6392 1199
7397 1412
4278 605
5286 1945
3039 1540
3266 2789
3187 2796
6248 1657
4531 2550
7461 840
4145 1010
5001 198
881 1164
7373 502
1237 292
1998 217
8601 2918
2628 1913
4548 825
3333 1648
5559 1662
8265 2718
2715 994
6741 2628
3321 2702
5306 323
996 793
1089 2434
6735 1216
7096 937
2149 3202
3462 3091
3726 3009
267 2034
7731 2090
7304 1369
4230 1481
5344 2773
3814 191
3772 81
7988 455
8974 1169
218 1621
8132 1457
4061 1488
2603 174
7462 639
5973 796
1240 565
4584 1913
6188 779
989 2464
7628 515
4567 2870
6527 1328
8356 2403
4392 2033
4318 667
8187 2258
2445 1886
817 250
8001 3078
1733 1138
7997 3098
4359 2046
1815 2200
2147 38
6643 1476
517 1726
4186 1907
7827 2328
5428 2191
2092 623
2752 495
5595 246
3087 1490
1939 2344
4234 2367
1707 232
7470 127
5334 1183
7534 519
1061 1192
4081 1462
3586 1719
5693 2280
5545 820
686 33
1382 1897
5616 2045
1440 1889
7468 1563
9015 602
7252 2579
3321 1850
8565 422
2222 769
6585 2436
2242 163
3369 434
5754 355
8999 1118
2526 959
4148 2293
997 384
1458 991
6140 2367
7077 488
720 685
4367 2676
4690 1039
5208 2639
3893 668
4540 1991
1188 379
2056 3135
28 643
7476 2987
5941 2876
6494 3161
8098 2879
7596 475
1236 2231
328 2111
33 2956
7503 756
2232 1767
6427 1018
1163 2370
5921 1168
5525 1062
5259 134
7340 531
5710 885
5639 582
850 2379
6714 2093
3215 1508
7381 2736
8372 2113
769 310
8126 499
1259 92
2372 2899
1595 2366
8668 2859
6252 1055
6012 1631
903 1414
8312 735
6924 537
2013 2532
2136 3253
7183 3172
6236 1505
8134 861
2779 2264
2755 2242
5672 797
8712 2803
1232 717
1524 1231
5661 2102
1082 3009
6292 1369
3139 1922
5873 40
8967 1732
3910 2925
6003 868
5703 262
3345 954
3700 2195
2043 286
5663 2262
6788 2565
6356 1113
2940 73
4568 2183
5031 2082
3526 681
1859 1512
3075 2072
8294 1943
5688 2553
1255 2852
469 2732
1114 3251
2448 483
8834 1139
7478 2661
1278 1209
547 380
1896 633
4965 1350
1807 1022
8157 1254
7871 2098
3344 1179
4967 1912
4930 291
1376 845
311 2376
3982 2677
4292 773
1067 2258
5469 830
375 2186
1413 1420
954 873
4645 2310
2579 2854
5064 3205
8827 1684
7764 3167
7664 1091
3993 1072
2173 2254
1211 1662
5367 136
1169 572
1304 1379
3928 1831
8178 87
8634 1031
6423 2334
7750 2301
6942 777
6121 672
3253 1650
6617 1002
7610 2489
704 3185
1880 51
222 597
782 2111
925 10
4081 3012
6118 765
6526 2635
6661 3194
8840 2539
1472 2119
6110 973
6247 1340
2911 1154
2929 1924
4024 413
5083 862
2676 2451
4949 1324
2474 375
4460 2889
5342 1877
3116 2599
7533 1090
4020 587
2316 3183
6633 2302
6478 593
1976 1785
3666 435
1264 787
5980 1733
7913 826
4774 1505
7319 460
8028 2475
3556 17
324 1677
442 2147
8178 1671
5331 2920
7236 2997
6117 1970
4224 437
7284 1233
8375 150
8207 2896
5629 2650
4345 1234
5664 601
8127 2980
169 1370
5238 579
7572 305
1380 1795
4376 3211
976 399
8414 855
4440 2693
1599 1012
7041 896
120 3105
5564 2661
596 1861
6881 120
7281 1374
8268 2111
7729 1950
4666 2363
6132 1465
4850 1095
6779 1992
4318 1641
923 480
5588 1229
6754 2875
2516 1201
8923 1522
4294 1029
5673 646
642 435
8440 1563
4170 2131
7685 280
1629 592
4697 2782
5994 2425
7276 1773
7423 2258
1612 9
7689 2588
2312 41
3395 1338
7794 2001
7945 994
2618 445
4249 1490
4867 408
7972 1571
1207 1112
1527 2070
7454 311
6206 1875
3660 3007
3631 2184
860 815
3174 1031
7388 185
1844 2331
4368 697
4761 1678
2663 3178
1486 759
2413 80
4732 2001
6007 1378
7138 2967
5178 2675
6751 2368
2096 2923
7168 711
396 2851
375 662
2843 166
2079 2968
2246 2997
2471 958
7421 740
200 2227
1244 745
6437 2688
4732 2971
3399 1852
5738 61
7125 604
3735 3264
7106 2783
6944 1239
2438 1327
7072 3091
1940 1731
5892 3101
1296 589
6126 2615
3320 901
6129 1232
3130 1693
647 852
285 2360
5702 817
3457 302
3312 875
6718 2369
6449 1610
6904 2979
5358 2881
2824 351
7975 42
8455 402
4942 2571
3526 2895
2091 682
7086 3001
5720 675
8638 735
2852 949
1523 1026
4301 350
2360 2607
7578 2851
7800 2749
4945 3108
1852 2893
4360 3147
2729 3126
1116 1347
4099 3214
1451 1836
1840 669
3559 2310
3018 189
6354 1107
4189 480
3920 2123
937 3264
8114 1321
3078 3227
5775 884
4294 2877
6884 2811
6139 396
400 2457
3411 2028
5008 2977
1855 2194
8324 25
611 2090
3380 585
6549 3236
5155 1172
1026 27
7437 2980
6179 1148
4008 2991
2994 2383
6899 1126
8109 702
7913 726
3964 1359
7376 633
8550 251
6785 2706
4319 924
7935 254
788 2463
7242 2951
8895 1386
8027 3048
2637 2454
1852 1351
1564 2239
1609 2200
7257 2984
8234 3065
5151 2862
728 2653
3710 797
5427 464
5202 1475
7839 976
4829 1698
372 2379
3340 2037
7030 3021
1442 1659
2882 2791
4980 1365
4118 1361
5127 2592
5478 1593
2778 3145
2190 2023
4220 351
1824 1863
1184 533
7814 501
3548 601
6426 3067
2529 1558
7567 952
8756 2775
7268 317
4463 562
7333 2712
3333 1454
8174 1051
8170 2077
3217 2026
52 2485
7077 1070
476 2625
8137 708
5365 3190
3310 459
4217 2938
7662 3213
3398 3237
7931 3220
145 614
569 212
5751 404
7367 292
1435 2208
4581 184
2196 3235
8427 1230
1669 1440
4200 2683
5404 1121
3486 741
6137 2316
3110 1753
71 2186
4194 2629
8341 1694
4846 2285
2443 2370
4780 2643
7441 996
4792 1515
8919 452
8279 1440
7172 1173
1989 2332
8653 2982
2457 2746
5398 367
1505 2506
8085 1384
4893 1794
2070 2855
2192 955
788 2919
7807 1806
6469 228
1736 187
4385 1556
1428 2331
2385 3180
7593 2184
2410 425
28 187
1630 2407
1401 3172
4319 1432
3728 2633
2286 749
2207 2754
3836 369
8284 2989
7803 2482
6972 1943
7808 671
74 1325
2845 168
4879 1116
3178 2313
218 139
6660 345
4766 189
6511 596
7224 3165
4224 3095
7986 1009
8752 2643
4111 2282
1978 2973
3694 2211
6075 1876
8559 1440
2856 2087
2216 2271
2560 3053
5499 2596
8372 3149
7853 2460
5395 3160
8196 3195
6946 435
7110 183
3653 606
4123 1078
8726 437
417 2324
6579 2132
2725 326
3848 2207
5132 1093
6566 1755
2325 2030
6153 534
5083 3066
7874 1667
3462 161
7240 235
4264 893
5892 1721
6327 2012
8409 912
1932 485
3062 2781
985 268
145 824
1938 1289
572 1399
4610 2965
2469 346
3589 1064
3299 1110
4630 373
3502 99
4403 306
2538 2041
6402 2343
8626 339
4574 2563
7427 1832
8273 34
2339 1074
2075 1170
8396 2189
4041 636
171 904
6934 251
7433 844
8381 2198
770 607
3928 1129
5669 976
1607 422
8128 2777
4481 2262
6449 2554
348 1293
115 2758
1728 2723
1194 2999
5384 829
4392 2713
7291 1230
5602 3015
1200 807
4941 2236
6333 3116
6210 211
506 2557
6405 2094
4645 182
435 498
2168 2829
4729 2250
106 3071
3697 2424
6564 2807
3109 3068
1059 148
5374 529
8064 119
5134 361
3655 1822
2487 1754
520 1615
4081 1900
643 1738
1449 3000
5285 1790
364 2617
865 1054
106 1109
8087 1404
3276 2229
7762 1033
7454 171
143 536
7844 1321
5844 409
2160 1135
3219 1662
4084 2801
6491 2290
1406 1561
3497 2472
642 123
6439 2184
424 1547
8192 1159
9010 2083
4627 1036
4296 849
1157 1890
2094 1477
4564 1317
586 721
1065 1430
2256 171
8145 518
6258 3171
2487 472
7316 2759
6649 744
996 1369
8275 3246
5677 2780
3054 2811
7687 2790
2142 2529
7837 1086
1198 3067
2555 2900
4056 443
1610 223
2538 1125
8543 2092
4666 2453
2158 759
2465 1984
7725 3102
4630 493
7542 1047
6326 1919
4926 2517
7040 1799
8559 464
8592 1941
2546 43
1189 2422
2372 355
4144 1885
3263 2814
7252 1313
2943 412
5395 1536
8499 68
6506 2193
2219 210
2110 349
5945 2072
4556 475
3144 2257
5045 2056
1854 2569
7507 1076
2620 1569
3394 1711
2925 700
7186 1791
4330 2133
49 2474
603 578
6214 1351
3165 1336
5251 3240
5686 2269
8312 2575
7613 832
45 1180
8619 2256
5143 3062
8399 268
8229 1410
1084 1623
7010 2825
1250 2763
6812 1251
5774 2297
7169 1996
5652 1567
3061 1958
101 1890
2512 411
4190 2901
4496 1123
4504 1871
8513 436
4200 309
7222 1015
1662 775
4990 2515
8491 886
1418 619
8508 299
1088 161
4792 2491
6811 2576
4638 35
220 815
8694 157
4781 116
3910 1125
4834 665
7424 2983
7818 2501
8573 2888
7426 1639
3799 524
931 1016
3194 1381
4774 473
8290 2409
3096 2149
1562 1887
5546 2555
8335 2004
3676 2941
4428 2999
1497 876
8879 434
1530 1063
4304 1611
6531 3056
1276 1063
926 107
1918 2067
2224 579
558 299
3802 3057
5015 1006
3442 2723
510 3137
8687 938
3820 227
2571 2154
4220 1583
627 1618
2482 2903
5562 501
1684 963
3373 1626
5755 940
2113 2652
7107 792
4527 658
5295 2472
6816 1537
1115 676
6088 1503
5242 3053
1999 1008
2469 1964
5648 1213
8839 1772
3790 1549
5514 2351
8920 165
5967 1838
6536 1667
4764 2135
7521 2582
942 1047
8779 2416
5146 1417
8562 2341
5782 2057
7079 1026
3452 1579
5603 664
7236 349
8620 1547
902 1113
4819 2532
7765 1236
8947 848
2782 2501
6123 700
7082 2729
3717 748
5293 1484
2638 1871
5551 2040
5141 1430
961 324
4942 2319
3514 103
7985 1578
6727 1756
5085 1042
4881 1546
1441 690
1121 992
2446 711
906 2491
3514 539
8544 557
1589 1912
6672 939
1494 1919
3554 875
6421 2536
5027 2484
1605 576
4083 1248
1086 2413
2629 2834
3933 1878
4061 402
2114 1639
3433 1178
5080 2795
4486 1601
3203 2528
967 1698
5747 2970
1053 1980
3671 1542
5311 678
1935 1938
177 1850
4613 1150
4174 2731
8626 1951
4434 1127
3139 66
1731 2570
6137 3208
6946 2079
293 2460
3312 1415
5241 2400
2339 3112
5610 2825
3954 2141
3517 2512
160 1381
6368 2255
352 2135
7883 2718
2422 1231
3904 1549
188 1485
7133 34
8645 418
3945 2146
5721 1352
6040 33
5705 536
6840 961
8090 777
423 552
7636 2015
3446 405
2085 70
7528 347
1719 2932
476 1357
174 1217
1806 3195
3942 557
7536 417
5763 1860
7139 1828
3820 1973
8415 2908
6943 3168
7227 2058
2031 1184
4711 1118
2696 1159
6290 401
5398 1225
7514 563
6705 2388
4329 2402
1370 2267
7758 131
6386 3133
8052 2593
8005 2896
2894 2835
8356 1875
9019 1628
979 114
6991 476
2346 397
2992 357
1292 729
6971 1184
8109 364
4315 1746
2420 1895
2503 720
7068 3247
5162 2729
1984 151
8208 1727
4092 1293
5321 3080
7537 1332
1474 2575
8153 2704
3014 1581
6431 898
5639 442
4289 2430
1319 1146
3631 1564
2421 2420
861 442
4119 1232
1220 909
1101 2134
1531 358
5326 753
8395 508
6808 2813
8853 3018
1177 3082
4123 2676
8946 2307
7009 760
6049 1628
7549 2770
1720 2639
2557 86
529 1210
2491 3022
1111 2216
8080 149
3872 2125
6819 3186
4626 3151
8689 3120
209 224
5089 1640
4917 728
7068 3
3402 331
3244 3231
5648 823
1385 1648
3513 1000
3591 1496
7715 1196
6082 1841
6962 2769
5954 265
5391 2038
6426 3235
2380 1975
5828 1651
3658 2099
3217 2228
6266 2225
7067 2454
5236 2787
242 1281
4175 1498
5930 1015
3260 2453
3691 314
3141 552
882 1841
4161 410
4837 2462
5289 1916
636 2463
1480 853
353 1280
3825 2782
5474 543
346 2743
8747 2170
6427 2700
2991 1628
2009 2376
6719 1986
5892 279
8996 2999
3033 2044
2763 2612
8969 2452
6561 2210
1786 547
2742 1269
7832 781
2799 2844
2153 342
7035 1276
5604 2363
8221 1454
4716 2489
3724 3095
5674 1649
923 1088
5487 1474
5075 1618
1818 11
3860 1777
7118 3209
662 1161
1087 1670
7773 1804
155 2414
7361 778
5077 2922
1999 2956
4310 35
6778 2845
8357 900
3277 1854
236 527
340 69
7274 883
4452 781
5102 773
5543 986
2593 406
6927 28
6421 2270
8491 2156
8515 546
2061 106
6930 1467
1337 1620
6263 1210
2957 2674
503 940
1698 2121
8668 1703
8841 2830
3706 1633
8855 1756
956 723
7406 2571
5653 2070
3541 2010
6724 1351
7634 2421
1731 3020
2970 1219
3517 2806
8300 1881
8281 1966
3348 2595
8222 1747
1037 1184
7236 3041
3532 1353
7856 23
701 452
1187 1798
1874 407
3947 3040
6703 2984
7791 1738
6752 853
7405 3018
2282 2697
960 77
5344 1901
7476 2133
870 1073
4356 1455
2115 1184
7026 2075
749 2178
5702 715
6257 384
2247 3106
2959 2836
3473 1090
366 731
5356 1561
7479 218
1934 3069
3801 2452
2639 2626
2615 1516
7696 1401
619 2078
4578 2239
6812 617
8393 2410
1936 15
4902 405
219 1892
5172 2487
8381 2818
4437 1974
5257 1176
6404 1811
3173 2272
6262 625
5156 2943
7634 1345
5968 1129
756 2079
2327 620
3367 72
5965 2018
3250 2555
4834 31
4533 2554
6264 1593
6761 1722
4609 788
7808 1823
3672 275
5307 1340
738 2449
7384 1983
2359 3060
6437 1320
7989 2718
5571 1988
5323 1044
2979 1516
4144 2235
851 3248
7096 1165
876 729
3494 2595
4012 205
1162 3191
54 3143
7870 1423
6611 58
578 3015
839 1522
7464 1601
6895 148
4903 532
675 2148
6680 141
6732 177
5009 2768
8102 189
386 1257
4440 1945
8753 2542
3932 481
5535 1486
2847 352
7886 2849
8710 2845
1773 3140
1207 132
3341 3198
8475 3194
2520 1529
2860 1273
2746 2549
6398 2401
5978 1421
6110 2091
7118 1345
3051 2952
5517 386
3990 1657
4526 1807
7264 2683
7536 977
4056 1699
4269 2982
3860 549
575 2958
2397 2592
7616 1317
5567 342
4895 1046
2170 3191
8900 223
2029 1084
8618 2549
1547 1270
3029 246
7776 727
2122 553
1125 1394
5574 1109
6685 358
1684 2145
7107 1496
6836 1169
5105 1448
3090 2069
7417 2474
7678 501
3107 1794
7010 3131
3260 3075
353 444
8743 2102
6670 2291
2026 643
7750 2917
5898 2853
2014 525
4527 1862
8618 461
4777 1910
624 2025
3445 2428
3626 555
6440 1325
7271 504
751 974
212 261
6472 1257
7340 405
5113 898
8357 3022
3642 315
4219 1552
5936 1115
8527 728
8855 1726
2306 1435
2417 3160
1832 1683
6173 468
1024 827
984 3133
322 573
4255 2994
6843 2496
8872 289
1254 3129
1301 612
7642 815
6000 2991
4433 1340
4356 2829
1797 1396
1780 173
2632 1761
2957 3054
83 1816
2321 1370
8568 1429
7999 1996
2559 668
5308 2789
1263 938
2142 1209
1184 2501
5090 147
709 2576
7520 805
306 2531
8524 1971
3161 2308
6021 1740
6930 171
5041 1758
8852 761
8587 822
3669 2156
8954 2427
1982 2661
4452 1987
8302 2725
318 991
7996 1183
8672 1291
3954 3265
6933 1252
4604 1727
4694 1261
1050 869
5423 176
5735 2024
6087 1730
342 3085
7759 2638
8333 2826
6726 1675
7636 1831
1346 2413
5988 1331
8919 2726
238 1805
6188 2169
7640 2525
4719 1346
7461 264
1602 1655
7736 1947
7818 2463
1393 2634
8726 435
8668 2253
8411 662
7722 2405
6789 158
1941 1234
3678 2557
713 1358
2124 3051
1836 2051
3334 873
1861 1258
6056 1867
3293 3112
4951 2012
2660 1533
8045 232
2349 1764
2013 996
6666 791
4710 847
4310 67
5190 2143
2128 785
1115 1648
3995 3224
3425 1778
8803 948
5470 2841
6420 959
6327 904
4184 1541
8041 1986
5 2796
1795 258
3990 1171
7308 2509
400 3031
6765 432
8128 3149
1628 2971
305 748
3997 2388
4732 2345
1623 2314
3653 476
7951 2160
1311 3220
1750 1035
4890 2813
3387 2402
1252 659
4135 564
3962 819
4108 2551
8528 1727
7291 2590
891 2398
7670 1415
1948 2615
1512 3227
3861 314
5074 1841
2123 444
8804 2037
2554 2885
8378 1967
6270 1305
2752 2545
7239 2554
1994 2329
8828 933
934 2483
7383 188
7204 2131
2903 2950
2904 3131
4424 1205
5330 2177
3493 464
5803 3216
8761 534
5458 139
509 3130
366 3085
220 853
3137 820
5445 2804
1886 793
1574 2501
889 766
3167 2458
1205 3058
1374 831
8586 1003
2435 2686
8064 3163
544 857
5343 154
6769 2254
431 3210
6096 1119
1251 1440
4724 821
7893 2158
8457 1326
6768 2277
5117 2796
5848 2975
1902 2463
6198 2317
4784 729
5863 22
4593 2732
7298 1555
816 2801
410 1361
444 2811
4810 2785
6137 1952
7528 907
5561 1398
3122 1177
5078 3107
5243 2464
1031 614
1433 316
8515 664
8083 748
4144 2465
2489 182
3040 107
8373 3062
8845 2962
33 2588
6238 1735
6250 1609
2497 1252
107 824
8313 1222
3429 2810
708 2633
8354 829
4642 2111
5753 2966
8235 872
4666 2253
2644 2183
1331 170
6142 1195
3426 2837
5339 2410
8680 2159
3868 1119
4352 571
4480 1593
6143 300
6090 271
4277 1030
731 1808
4854 1371
4098 2691
2451 488
3664 693
3899 510
6803 786
1827 2846
1319 2374
7208 595
5901 130
7184 13
8823 2274
8432 2733
6854 2597
4240 1483
528 1081
6632 3167
7911 2594
6981 752
2607 2932
3386 809
8832 2145
8464 1553
5854 2701
8394 1407
4169 1690
6316 473
3256 343
7589 1724
3197 1778
4112 1535
8211 1774
5128 2829
2582 1357
2465 2272
4806 797
6310 201
6378 1235
2790 1041
3365 482
7117 2528
6394 2791
5974 1733
6337 424
8916 2679
5990 2839
5684 2627
862 2449
1419 2274
3333 2712
5495 2628
3679 1724
4799 2614
431 2862
1673 216
2731 1492
1576 609
2360 1837
3028 1269
7848 1459
1388 2939
4513 3226
960 1643
2263 1576
6471 752
3360 669
1609 888
7085 3146
6447 1508
522 797
4416 3043
8459 1400
638 1491
1765 3096
1247 2248
7715 3078
275 2918
4902 869
2272 537
3472 635
8638 727
2041 1460
6358 1715
6235 916
7348 2893
5981 1374
1930 1051
2008 1875
1212 2063
462 937
8793 1396
1084 1107
8339 2734
948 363
1683 1782
7204 2315
1366 683
1230 323
657 1940
1613 292
6804 41
850 2999
4305 2560
4824 1991
1507 278
8364 2327
3362 1483
4698 797
3002 801
3759 2300
4373 88
4747 2536
7284 1737
4145 824
4435 1540
5783 1862
4995 1786
3833 1416
2441 642
8247 1266
2467 2454
7721 2344
8859 3240
8915 1976
3144 2245
7153 1208
1842 1903
6723 1932
3281 2398
430 2419
2006 13
3804 2959
5795 2340
1845 3076
4727 2346
8080 167
2776 2447
3942 171
4419 2186
7274 2857
7725 476
1851 1582
8532 3029
6387 694
3962 3155
5940 1155
5832 421
662 1259
5160 611
349 2110
4420 2053
7175 978
6334 527
7329 132
8371 2256
2870 1729
138 2789
3773 2886
3812 1223
4601 2306
589 1714
2918 1911
7532 993
2183 384
5054 835
389 3132
5767 1946
8613 3050
7631 2270
912 3157
4163 94
5592 2277
1820 1463
387 740
4297 2476
2172 1687
2595 202
931 1412
6252 2609
5899 188
1635 2868
4303 2204
1228 2783
123 1184
4789 1894
4202 3165
8447 2900
5462 2969
540 703
1320 479
6848 1957
5551 1546
1484 1477
8508 2233
7512 3185
3373 1974
3896 2309
8301 744
1589 1342
529 384
8669 290
2399 1414
5197 2728
4799 872
3813 2766
4740 2477
4417 2982
2663 958
7831 1976
6704 1369
4492 2109
4986 79
6338 1681
5278 551
3230 847
2949 1014
3442 2267
7480 2453
5226 2187
2929 2736
3631 912
7204 887
8237 1024
8322 1745
6854 1121
2882 1249
2316 1225
3950 1895
3044 2907
8308 3137
2553 2790
8218 2671
5706 1587
6053 672
2000 2177
7685 294
5743 472
3736 2139
7299 2326
8572 2991
4588 1791
8923 2448
5102 1
4767 430
4136 1645
8192 2665
909 468
1368 981
6389 110
3723 1842
2283 560
2457 3146
5898 683
1665 1424
2974 115
3023 88
1733 2036
5144 2205
4707 530
2747 1270
8555 1206
1883 346
5511 2582
6690 2531
1845 734
5018 37
3086 271
2703 2718
3961 3130
3712 259
5454 143
6507 1364
6129 1242
5629 2930
3353 1510
6704 637
3742 105
950 817
2963 94
7085 2802
4597 2344
7335 258
1318 1031
1839 98
4754 1765
4696 1095
3031 2222
6454 827
4645 1430
2467 2254
8049 2284
8322 2035
3568 2881
1352 417
4238 1785
3707 2958
6167 2190
1026 1667
3618 1865
2389 2424
7313 1546
3706 519
537 2406
1376 2377
2837 720
2861 102
8434 2083
3684 781
8412 2609
427 178
5349 2624
2085 1934
7350 1411
608 2365
2719 282
1094 1721
8278 2427
7881 1640
2275 1078
4286 1615
7917 2854
4516 2769
1 2362
1248 1129
5080 719
5655 1884
2945 3036
6232 1931
7409 1520
6011 1368
6627 2150
688 437
3971 1654
7003 194
3961 3100
8145 1994
2754 2115
3900 2195
7556 1613
4259 286
6999 500
6986 555
1858 1843
789 3176
2061 2668
6599 2640
8220 1007
8157 1212
6915 1882
6441 444
8938 1449
4481 1268
4644 411
4575 40
257 558
3443 2938
1145 358
6504 1217
5775 1326
8822 3025
4057 2446
321 2258
2887 22
6280 177
4796 1221
815 2280
8486 2073
3036 2501
5647 2382
8849 1338
6592 387
3191 3152
4228 1927
378 1665
3982 1167
1750 1861
5426 3137
1118 2985
8256 869
2594 2411
5977 2702
8443 2266
1455 2444
6165 2608
6093 212
5487 1260
6844 2079
4435 1690
5474 1279
502 1493
6958 709
8719 2336
3085 1600
2742 2571
7179 2370
5140 2369
1982 2155
7441 1648
7850 95
6582 3059
8942 1377
5616 1697
3704 801
415 1926
7764 2729
1943 2802
937 2524
6604 3227
4197 356
4078 1689
7550 143
3080 1747
6866 3115
4931 2092
4228 2721
5008 75
1034 2913
3953 2416
5997 636
4468 1015
4141 2300
2889 196
7291 1070
783 2724
206 1381
8773 1758
779 3082
3762 2655
5879 2362
1919 974
3759 670
4412 3223
4384 119
6307 1952
1022 543
3387 1952
544 2383
361 1622
3181 2944
2951 2792
6391 2614
7306 363
6158 1253
7465 308
1530 2937
501 596
8870 1141
7779 2770
3704 947
822 411
5706 1447
4131 2864
2396 595
7127 208
3459 2482
2515 1318
5186 2721
2315 638
7717 3200
3452 1717
9003 392
832 1807
8036 1391
4404 691
6416 3005
154 407
1728 2795
5699 2192
4604 2797
3592 2353
3749 846
2698 1955
4798 2263
3838 2479
4213 2140
2069 2702
521 594
3217 1356
6249 1578
6930 1281
3246 1671
6416 87
7081 2726
6838 2123
7690 2689
4 3135
345 2408
522 1091
274 2857
8141 1608
7871 1332
3818 2977
2587 920
5688 2997
1589 12
1421 2182
3892 263
4771 14
5582 1281
4905 2504
6335 1390
3980 931
5848 1277
4786 2349
4790 639
7258 2371
6890 449
8854 1097
8274 2839
5295 566
4076 2187
1493 2224
2337 674
4085 480
6877 3054
7054 2393
4861 1618
5026 203
1660 2239
3439 2962
7513 1190
2908 2237
4930 1303
4870 2875
4799 2952
608 1313
1855 2712
4900 2503
6815 2660
4210 123
4447 2718
2933 1086
2656 1575
3175 2958
6070 3129
5873 1808
39 2204
2309 738
1160 2979
6925 2988
6270 555
5863 890
6178 125
5810 1945
7532 121
407 474
668 2165
7129 2408
2180 2033
1757 596
1621 2392
8926 159
3923 2730
9002 173
7154 1821
7025 272
8164 1621
6340 1567
264 1837
4444 2773
1718 2831
8403 1790
5806 1029
6447 2612
7879 2686
317 60
775 52
8283 2350
6932 59
3681 236
1763 612
4846 1645
2982 2313
452 1983
7723 1026
7454 1485
3841 2310
6077 1892
3527 668
4037 2412
7273 1906
8307 2810
4848 1587
4886 1533
4993 2318
5028 409
2957 1576
300 49
2513 378
2127 1432
800 1507
1037 650
3436 1611
8843 3194
1177 1116
5970 1269
7961 3202
7291 3268
4039 1444
2814 1397
5820 3105
6828 2805
4650 1847
995 870
7349 1732
8441 2218
1506 1475
8404 1625
5695 2836
8751 1834
5573 1404
5381 826
5785 1686
3247 1262
4272 2909
1996 3107
7928 2627
2950 2833
8520 2961
7510 3103
2166 2955
6617 1630
8158 3039
7826 1731
8684 1943
4889 456
5710 2625
1339 1908
180 3267
7607 1794
8896 2641
8892 1347
7179 40
8427 3120
6178 479
7779 528
1974 1361
8121 2648
4113 2142
2998 853
8814 2993
2160 293
1422 1853
1057 1800
2576 3193
1997 2994
4968 2157
8726 469
4716 2877
2911 1178
6061 194
5826 1727
8011 202
9009 660
5583 1980
5603 1832
8764 2615
2033 2524
5110 3209
8923 1786
6526 1779
5911 258
4793 2310
4930 1753
4702 1879
1672 2317
5450 687
1231 2690
2912 617
7690 967
8553 110
7202 2927
6954 673
8725 442
373 2384
6499 592
5361 2152
7716 2951
8611 1776
867 788
6884 2397
4784 3263
4524 893
4999 2070
4898 1957
6685 2900
5097 2890
1429 616
1728 1267
5999 2444
859 14
5588 2657
7123 1428
2939 2540
8054 1651
6240 2305
3622 359
239 2896
7920 2451
5220 2951
3759 2912
7166 1141
6643 276
7802 3263
8039 1824
4188 2203
2388 847
4618 2785
5040 2121
8561 1108
3166 47
4580 2875
5769 3046
8087 258
5613 3146
2713 918
2722 2671
2969 1984
2027 352
6630 1547
3623 2436
4038 641
540 1331
5279 104
8433 2344
8387 618
6687 2218
3301 22
5895 1016
7578 2797
3003 730
2661 898
6995 2432
2881 1120
8580 3067
1493 1016
8781 46
7382 2695
4515 3188
7547 1308
1783 8
8897 2460
6055 1190
8108 2571
6125 52
4814 2705
1144 2909
1161 1646
7304 2723
3730 2067
204 593
6012 3105
3883 3262
6515 3132
9016 3007
5567 2894
2898 3025
3468 1249
6704 2113
2069 2034
8866 2645
8063 2254
1354 2861
1548 2349
5443 2546
4846 1729
6550 101
8893 1332
6377 1534
798 2297
2172 2597
2849 1252
2073 506
2726 2081
5440 635
1995 2506
4716 2121
3386 355
950 2685
6915 1798
4470 2681
4240 15
2350 249
308 2741
1112 449
4967 3062
6943 1340
8518 2033
8923 2836
8617 2790
1147 2606
6094 313
2369 2484
8619 2756
5076 307
365 1004
152 429
1604 593
6433 1882
656 939
5705 2938
9003 1670
7840 1207
7380 1185
6564 2185
4316 2877
1568 187
6590 2047
2202 3055
1553 1450
4014 1999
4677 316
2770 2443
8621 2682
6119 840
7470 1523
4647 1248
6327 1574
2767 548
4450 1769
4805 3254
548 1119
115 1312
709 1612
8794 1781
8141 3016
2859 3184
2694 1663
7601 1470
2546 679
744 1631
7179 368
6820 81
4918 769
3661 3056
6917 1378
1820 2557
4162 315
4634 1031
6048 1637
7211 2018
2877 1218
6549 2982
4534 2473
8188 2885
6225 360
5374 2265
5329 2450
6512 2807
4434 1703
724 497
1265 1654
6834 1361
7760 2049
7668 2513
1562 2753
3048 3155
2931 290
7298 1869
5601 1408
3542 1079
7505 1728
8403 1416
1766 2565
4714 179
5596 2957
4206 2037
1387 2284
8799 2148
4788 723
5707 760
3849 2614
624 387
4510 281
3672 3067
7086 805
7711 3066
5975 254
6223 2766
211 2854
1432 2385
8540 2629
8972 1381
529 380
8941 1450
5570 411
3516 3221
7885 392
5486 2863
3866 1575
8043 1714
1762 2871
7149 2222
2138 1461
549 1216
3794 2447
3838 541
2346 2569
1833 1614
6250 1583
4964 201
7642 699
3158 2079
253 2168
169 1926
1162 1155
6286 2241
5180 1711
6346 2437
6382 1033
4079 3176
8076 489
1173 1140
1429 2934
7938 1533
808 1085
7181 1698
1449 1138
7362 117
2382 3231
7757 2512
767 1498
8153 3168
958 3123
2597 2684
5870 1745
1254 2275
6918 2175
3159 1658
4073 706
287 1540
720 933
3533 2086
8947 1822
1334 2031
2511 3002
1616 579
5001 288
5701 718
5285 122
7746 2771
8565 764
5332 1513
164 1093
5827 2752
5105 1048
8672 835
6404 451
6370 1111
5417 1062
3653 244
4442 739
1201 572
7281 1674
2455 1538
4563 1168
2983 536
1051 2526
314 2721
910 363
1561 402
172 1613
353 2888
3017 2944
2343 662
3332 869
443 864
3381 1734
606 1549
1752 2539
2997 564
56 3005
6044 2473
21 2244
8246 2911
6711 1214
4785 2134
1836 687
3913 1608
3582 867
806 2275
8641 2222
498 2747
444 763
5742 887
2654 3105
8951 1584
7794 359
3445 1034
1453 3232
5036 2803
8173 2550
1963 2460
6490 2343
1284 3193
2182 1873
345 1856
7000 1417
7606 1589
2447 1892
4174 257
7314 871
5542 1147
7760 3071
7392 2135
3655 294
5801 1134
1595 720
6717 1376
7084 3065
3938 157
8649 2242
3983 2184
5189 28
1243 2314
6262 2159
6948 1057
4172 2739
3633 1472
3501 2206
3713 1680
7819 944
5630 1715
277 1086
6955 1910
1638 3173
8836 2035
8026 1993
7526 1985
8479 38
7040 2071
6224 397
7477 3218
98 29
3685 2052
8834 2571
666 919
627 1994
3446 2207
4788 71
6831 2
3666 2929
2648 2061
928 1183
500 1287
5343 1384
969 1056
7408 2493
5397 2106
1084 2887
56 2921
7648 1699
2189 1652
6634 885
2569 1376
1126 465
6574 1161
5640 3221
4218 21
6775 228
8665 1448
1848 1043
4744 1641
3272 483
5237 1706
7162 1889
5445 2320
7752 685
924 1951
6811 2146
2383 1938
5799 2778
6256 2907
2564 87
8062 983
1068 3241
267 2988
5168 2691
4836 2645
4222 2433
3812 2097
3414 1857
5915 1488
8938 1299
518 1143
884 1255
6414 2459
4211 1960
1294 2841
7408 2131
4860 445
207 2706
929 1406
2197 2630
8557 2046
5690 2219
1570 2563
4116 685
6212 3005
7813 1320
8443 2800
5806 433
8909 2208
7554 785
3144 2975
6357 1900
7683 1970
5942 873
368 2615
4182 81
8271 3052
3809 752
8929 3044
1518 71
8379 56
1752 1127
5505 1002
8908 1531
5330 655
2653 1046
3217 2876
5780 3219
7348 317
792 2829
8378 107
6776 349
8506 1519
1849 1124
2891 612
5744 323
6645 2230
2016 779
5832 3157
5507 1148
7577 1238
8426 861
3183 1158
5278 3249
2213 3002
2628 675
8252 749
4558 2071
4429 2050
5715 1906
4185 2250
2061 3118
122 2037
8972 983
4596 2731
4424 1605
1079 1446
6170 3251
5796 671
8870 2809
4469 3060
7096 633
4135 2506
8343 3034
2868 1423
5178 137
6790 899
5288 973
8370 2795
4172 1237
3281 2482
4170 2793
6836 2095
5827 2148
1509 1872
3269 2570
6053 648
4027 3108
2973 2386
6465 1712
7474 1535
5131 964
1262 973
5749 320
7286 465
1407 1294
4260 2185
4518 1877
3560 1461
6956 357
120 133
1772 1263
3217 1714
3372 2727
4545 2114
7840 3103
6779 1466
8481 1532
7889 1492
7071 2594
4600 291
405 3230
5366 1535
3838 1423
4365 1242
1575 3064
1754 471
4162 1543
3095 118
3407 956
2818 2399
1397 1470
8218 1913
2093 1498
2393 2700
6801 934
4685 1854
5205 3084
2374 283
8457 2680
4982 1049
6116 703
5757 3136
2883 1478
6743 2916
8086 159
137 1362
1776 473
2386 2879
77 1792
186 2375
1947 1618
8485 1812
7057 860
4632 2237
7986 2187
8792 781
332 25
5561 2878
3126 2387
3084 2697
4065 454
3774 771
4910 1711
24 431
266 461
1883 2756
4578 2305
4306 2617
8805 3020
8777 3118
6717 2864
8572 2451
3128 2947
5389 2614
5405 2710
146 1147
1125 1380
2061 204
1293 1334
5124 2905
5136 45
4602 463
4341 842
3256 2829
3932 603
6654 2355
3100 785
7441 2984
4901 1532
4841 2876
4015 3174
5779 2772
1748 2875
5396 2709
3925 526
985 3246
5336 1865
8821 842
8045 2528
5155 1118
3397 2678
7535 1576
4693 1844
1509 1336
1941 752
255 3038
1169 772
3883 256
5008 2463
8115 1608
3339 2270
4567 2866
8557 548
1547 770
2720 1901
5595 2204
1081 426
7644 2009
7489 490
1493 3158
7006 893
3935 2114
4547 2600
7449 2568
7085 2030
4713 2030
3995 152
7440 1245
8577 1086
4248 2993
6975 2610
760 3107
4397 2898
316 1191
7078 1391
616 2937
83 1428
520 3031
4878 843
8978 159
4436 1415
8338 1909
4939 808
7359 2030
4987 460
5282 1791
2331 810
6479 764
6665 1302
922 1925
5967 1994
5502 1167
6697 2842
8366 1519
1158 929
7418 1437
2536 1405
5884 663
7467 1936
1377 1912
1038 377
7885 2484
5131 946
6791 1566
2002 2649
2081 210
8484 2901
3909 1858
5189 396
7039 2696
5256 2753
2473 944
4822 943
8056 1143
6188 2079
9001 3232
6635 2422
1432 1385
1453 512
1515 3084
6834 1615
250 1101
5524 1137
5747 524
8989 718
3113 1024
821 1906
6577 1838
6188 3127
4889 1054
4628 1991
6066 917
5413 1788
1425 552
424 2191
7041 944
4298 1889
5091 2114
3152 1627
2312 2963
1592 1093
5097 1138
1122 2901
8706 1349
3845 2982
2832 3091
826 1941
6021 568
6325 884
6488 157
4162 2099
5182 1895
3675 2910
8640 1499
1712 1999
1606 1257
6581 542
8254 105
4888 285
8776 743
2773 544
2196 3057
6060 1433
7089 148
4098 1983
5873 2306
7514 1321
4992 1173
5090 3249
4332 1365
6992 1845
6195 2182
3733 2678
8790 2879
1826 1677
492 1229
147 728
5995 1472
3885 528
396 439
4873 1198
1690 1475
8589 1620
6131 3114
1892 1295
8536 3265
6645 1106
2977 328
6352 2555
7196 3201
8431 316
6463 2752
89 322
3842 2401
1460 1561
3270 1891
5883 2096
7777 1514
605 2544
807 1556
1342 817
2355 382
3801 2900
6810 177
4355 1496
9014 2079
2306 1289
1752 1237
3076 2731
5531 722
5800 231
2870 1807
933 768
2559 376
868 1625
8984 1981
772 625
7735 954
4871 112
4403 892
7107 1568
2628 189
5273 2166
4060 2193
7080 2507
1540 1055
3551 800
2791 3208
4179 262
1452 2667
5256 109
765 1090
8783 2354
6691 60
2812 481
3389 2380
4853 1328
8634 1129
4448 361
3059 3022
4166 885
1357 1956
3074 1211
4876 1323
6513 712
837 1008
4002 1241
2230 2787
2282 837
5595 3190
4713 2346
8681 922
7693 280
6744 819
8967 704
4882 1529
1872 1467
6446 173
7723 3186
7655 684
2619 2714
4283 1906
2674 2699
4377 1100
9014 2179
2064 1365
4819 316
5752 1359
851 3224
2926 2837
2450 161
3665 768
590 2283
6931 1644
4114 1125
8677 108
5558 425
1881 2510
6979 2508
8787 2300
7934 1041
608 2523
9017 1722
4264 1271
1783 2746
2790 827
7231 2802
212 257
3267 1568
8168 3187
8489 1014
6689 252
5169 902
6231 2022
2086 861
1309 1236
5828 405
3686 1883
7536 745
490 1133
3456 149
6803 2986
5173 2412
1470 2911
5457 2956
2478 1395
8774 2699
3422 3031
5977 1992
6009 98
9011 2502
2214 2441
5481 162
7306 2899
5056 1491
1852 2453
1147 372
4850 2147
82 2421
3049 2640
5641 2008
6796 1463
4235 1734
8961 2642
7530 109
2372 215
8958 2265
7825 272
6151 196
7251 1100
976 1911
2781 870
6612 345
4656 345
439 1190
4895 2420
5217 518
6322 1019
5511 406
3580 1829
929 290
2800 1005
2449 64
5720 1667
4973 2522
4881 472
3022 1563
8767 2080
5820 1669
2049 1068
3295 2870
3310 1037
7180 2513
6866 3205
8573 486
3715 2378
2368 1211
7289 1194
8013 1402
1127 544
730 2483
5437 2146
4815 942
6747 836
7022 377
1945 2570
3371 3190
626 2067
5327 1986
5030 2383
4961 2606
4016 3117
3156 967
4690 859
5536 1073
1809 3004
8955 2916
2854 2153
2629 542
5952 715
1805 2794
6704 2907
7176 943
5684 2857
6245 2288
6085 2614
2897 2186
8388 3073
8913 254
7848 1167
4843 1600
6954 83
7495 3058
5975 1904
977 322
4460 389
6690 1749
1771 2950
1970 1591
5803 2206
3940 2401
755 1668
4519 1474
7776 1799
7602 2551
482 2523
3922 1027
8022 2885
6361 1612
94 1563
7075 1376
8661 1924
4374 1635
1877 1148
831 376
2041 1832
6625 1244
4440 2641
297 930
2724 1465
2150 3179
1456 1819
6933 2396
4285 1222
1334 259
3512 3123
6262 1783
7635 384
1611 588
4373 3160
4016 1049
5747 2876
1666 1755
5686 2753
1460 1493
3246 1505
7323 480
5056 1371
5551 2210
3201 1178
6985 1308
2431 2036
6167 2412
8672 239
7082 407
5026 815
3268 2365
3013 2966
4451 232
6511 3180
5825 2230
4341 3030
7001 2518
7095 1890
6451 2416
892 2525
7097 290
710 1491
2777 1580
7777 740
3612 1663
2671 1810
8923 286
2546 583
2758 1995
2918 1559
5400 2379
4943 1148
8383 1208
5942 2807
7161 1366
5225 390
8053 322
1922 3107
4952 3181
6482 1051
5976 165
7726 1699
7431 774
3082 2611
3142 2019
4755 3132
5104 1315
5849 970
1909 2276
2592 2083
4697 1424
6035 504
5185 1178
811 750
5330 27
7326 3243
4399 1332
6919 2762
4363 3252
5000 15
4738 1859
5168 3179
2006 1681
8122 797
3110 1231
7246 293
6425 2224
7813 2316
487 2514
2094 2531
2532 2419
5 1350
5315 3138
7251 1166
8204 2317
4579 1744
3832 3105
1950 2419
6326 1151
2211 260
7107 902
2540 3133
2030 983
1611 3112
7201 3044
8114 2351
4818 1935
2098 2239
6690 1759
7935 1052
2277 2332
2343 680
4696 939
8974 1413
6753 2612
4098 2763
1369 2150
4050 71
3192 1465
1255 1630
1070 1027
3590 2795
3194 2523
8817 1806
7632 2517
8927 2398
2478 853
2569 1964
831 1708
1842 1265
2237 462
2327 1482
7200 3067
8550 2881
6032 241
8860 2241
8359 1478
4464 1347
4688 1847
7903 2552
1853 930
4064 2413
4343 1970
6759 742
3373 912
974 2087
2155 1210
898 3101
5040 1511
3830 1191
5023 1286
6989 1648
812 2513
2861 2374
5057 2210
1236 1639
6145 818
2792 1305
8020 3235
6339 1606
2404 1699
3619 1970
5384 1261
3268 2509
484 3177
1562 2329
3227 152
3341 254
5773 1634
1092 1809
283 172
7330 2145
8710 1095
7508 917
166 861
1534 1835
6774 2165
2938 2487
3882 535
4801 3126
960 529
8078 2059
5852 2915
5364 1763
554 3139
7849 2026
6956 2407
2388 2023
5905 1152
86 2791
3671 2148
3252 1669
2780 1381
8920 1087
516 837
7779 1356
4750 2701
2525 3018
8904 2383
6986 1427
6436 2279
3590 247
4026 191
1694 2633
524 2703
3067 2878
5694 2307
8358 423
5024 1
878 3157
7885 780
4684 2945
7508 497
2865 2078
6640 2101
3332 701
3114 1919
1307 2326
8048 897
1305 2936
5922 1777
8339 192
8761 596
3534 3091
2068 369
1457 1162
3273 682
8978 1763
6171 1542
3399 1768
8282 2585
8728 2187
8232 3055
8034 877
7900 3099
5438 1251
3057 1322
5420 389
4004 1303
2609 180
8937 2706
3855 2926
7209 926
4605 44
4580 2509
5068 419
2431 814
2274 1243
7415 2102
1794 1553
8736 2231
4230 2497
5774 507
6662 3067
1471 2578
603 2960
3900 3
1790 2001
2802 1563
5265 2662
6422 495
1112 1233
2833 2734
5204 1969
2596 2989
4587 220
7702 567
6131 60
8041 238
7969 594
6076 945
8828 2705
5044 1841
3189 2750
7194 847
1753 394
3818 2205
7697 1508
7628 1309
2733 268
1220 1933
1985 1306
3753 2720
1240 1451
760 359
4243 2400
613 1266
1140 1239
8326 1509
3271 2970
844 2591
3244 2747
3650 2095
6249 844
2421 1634
5853 2930
6677 2294
7123 2332
712 2285
4203 756
204 517
5930 1375
2226 2941
3863 104
7585 2800
8017 2110
1254 2397
710 1345
8575 776
5942 1673
1339 1726
5130 2635
4625 1296
6009 1220
4056 2291
7890 2433
6571 3100
4125 54
732 1439
3720 2831
2468 1933
1299 1184
7757 1482
5561 2430
3760 251
3430 1043
5835 1230
6321 1622
752 1481
7477 3020
394 2133
5804 445
1564 2455
8072 1737
2663 984
5050 969
4196 1785
8328 1557
565 1560
3606 1865
8976 767
1252 2379
7849 1796
605 1656
6172 2125
7644 2955
794 1955
4522 253
5533 2360
552 1525
2284 3233
1355 2874
4960 1837
7040 461
7425 2018
8712 231
8534 89
761 1508
4447 1928
4280 2941
5052 1391
1652 2509
2636 625
572 2273
2277 2204
4928 59
3596 305
6896 57
818 309
7259 138
3180 1459
6853 1992
7258 2735
1997 3080
1225 2456
8660 2395
7039 1900
8181 1620
8778 777
6755 2888
8622 23
7325 2750
3639 324
4705 2824
6866 1195
1483 726
6171 1940
5171 248
3389 598
2387 1612
4773 2776
5242 57
2447 2278
5240 909
1528 2643
2954 2103
347 694
5954 793
4064 2189
8274 1201
8893 2336
7597 676
6183 964
8362 1983
5378 159
6130 2769
5126 979
7571 916
2456 2275
2191 1786
7358 2181
2171 2736
321 1518
1441 1696
6814 537
1743 1530
6184 2025
8197 1136
6556 2737
320 1491
6729 2566
7660 2301
7682 927
182 2661
1484 2779
3814 1347
1585 1436
8386 271
8202 637
6569 2472
1683 598
221 750
6344 2809
908 2119
5124 451
1405 2828
4492 651
22 927
4436 425
6971 1052
6988 1743
1996 1607
1250 915
5609 132
8295 2526
792 3249
5512 111
8593 2042
6427 2564
3057 1464
4024 2311
170 3117
1985 3242
640 1
1706 1033
1956 1151
3018 1003
3344 2833
6254 2565
7169 2192
7972 1511
7484 3061
5480 2121
5352 2039
7854 1687
5976 1627
196 2093
5320 2891
308 1409
3498 1033
1558 2985
7681 1178
8118 3017
4462 2173
3489 738
1560 1429
6673 206
7627 2014
5854 2117
5876 3129
3804 2071
1037 740
6925 2756
6928 2231
2841 3074
2547 40
4569 2156
7354 1921
5252 2511
1889 2146
5098 1747
6372 2231
2015 3126
4414 1203
5403 652
5325 2904
1504 343
4004 257
689 956
7052 3113
7566 2257
2547 3156
6470 2965
8695 146
4090 219
2536 761
2111 1588
5806 2919
6522 1541
5420 2887
7020 1281
8675 550
84 925
888 1681
5278 1899
8548 761
1135 730
1918 837
3597 658
6091 556
4371 1896
7448 2483
6664 2539
5980 973
4486 725
4034 1483
6209 230
6802 2633
1766 1769
5426 193
2984 2377
3749 2894
4651 2974
4098 603
8426 3207
4778 2999
4119 2116
6884 1459
774 487
159 2228
1060 1317
7209 2174
2600 1067
2358 2071
1871 1974
6184 1803
355 114
2547 2254
145 396
8234 2449
441 728
1456 2433
6627 1416
4477 2014
392 2117
1032 1941
1901 66
6639 514
3456 33
1163 2182
4665 444
8269 818
1019 1692
6370 1487
1222 1087
8783 1892
3687 2062
2643 1098
5919 2666
3149 2396
2468 1179
8043 402
1802 175
3842 2253
6256 2507
6271 310
7779 1402
3180 3179
2472 1365
7663 2984
6286 563
7776 147
2340 2483
131 1244
8332 1211
5381 1278
4549 652
1106 1353
1548 1905
4685 766
8855 498
995 1318
6479 12
2970 289
7481 2494
8440 1699
2570 2613
6586 2897
2721 820
4726 3057
6039 314
3742 21
3738 2155
3866 1451
8390 653
5553 3072
7705 1580
6785 1478
4463 1420
6650 1015
7142 2747
5158 2055
5891 2474
602 111
7392 2199
8782 571
6066 567
3660 1679
571 2236
3477 1590
4614 1221
5613 1722
4885 16
3925 452
7478 1997
342 2473
1004 3259
3273 3092
6872 149
5611 2534
2156 1417
881 686
7292 2939
3415 2016
8703 590
3850 2071
3679 564
982 797
4066 521
5371 2534
5285 44
6010 2223
1876 1997
1058 1793
5453 530
4709 2002
8645 3008
8973 802
6548 355
5805 622
5499 2178
5990 323
8977 2398
4270 819
7024 215
7928 347
8635 3164
6180 1935
3841 590
276 1679
392 2705
8351 502
5397 644
4191 2242
1017 1376
6410 2097
2100 1905
5029 1174
5800 1659
3695 1656
542 2247
7601 290
7709 640
2828 23
5879 1656
7873 2414
8458 1647
2285 1746
8537 2348
2630 21
1066 835
6357 1098
1263 3256
8674 2097
870 1613
1862 447
7838 1437
2902 3107
1142 979
2223 1474
8955 1118
4103 1640
8630 355
3455 2860
4329 3114
1776 369
5158 1177
8211 2336
5947 1552
6372 1429
3760 573
7842 1023
4161 1544
4801 3002
2117 1898
5601 2936
8753 3034
8155 1654
1981 2190
6183 1958
1610 2307
5742 2969
1345 1406
1083 856
7353 830
8998 2099
4647 1808
8934 2115
8571 630
5658 237
1852 691
247 2708
2576 3097
477 3032
6928 2751
1436 3207
442 2903
8910 1151
7872 1881
1840 1077
8747 118
7257 264
6495 2198
3954 977
8668 2109
2721 790
7089 2898
803 494
8129 156
750 173
8674 1605
2343 1766
724 789
6903 2426
1222 2765
6528 2399
1165 576
3651 1608
522 2957
8411 2348
4225 336
1565 2294
6118 1577
1351 1484
4177 1232
2187 834
2916 1135
1184 2931
7967 756
4402 779
8643 2834
2770 3073
4530 2835
5186 1011
7717 3116
3540 2467
1360 501
239 80
8207 346
5946 2799
379 1356
2101 586
8938 1311
8329 3212
3115 2354
8470 549
6254 3061
5006 1511
5560 1717
7832 2515
8097 1976
6954 19
4439 418
805 1334
1700 1317
7292 223
3520 2383
3520 1627
8016 3103
8980 973
6320 637
8467 842
4677 880
4060 367
4897 1484
812 1611
242 2239
6631 1304
4453 3254
5650 2733
7109 1874
6933 2318
2845 1748
5001 2742
4360 1445
5268 1945
40 11
9016 451
4864 1731
1654 299
2184 2493
5434 1059
2427 2140
7257 2938
7392 873
5030 1077
735 64
5825 1694
2829 830
1093 1980
6396 377
8100 2763
121 1692
11 660
1168 1721
2663 2970
1773 68
148 2869
391 2474
2392 951
1101 2272
3700 2909
4823 3228
4527 1246
1273 932
6228 2287
1894 865
1573 2080
4301 2732
7799 574
5632 819
7842 525
2119 1360
8209 612
8445 2364
1827 1360
1904 2245
2198 479
1887 1638
2579 2466
5216 2323
5995 1516
30 2857
1215 1456
7772 1159
8843 1474
853 2662
8097 1010
3689 568
7772 333
92 1173
7860 9
5729 294
6495 3232
7765 3178
3691 2432
1074 1405
1427 1640
4375 714
6084 867
3463 560
6824 1487
3661 498
849 310
4251 284
5739 324
4068 2741
8315 2104
3508 1675
1605 1052
6399 1426
2098 953
7783 410
4060 305
5056 207
5330 2297
673 2792
3074 1837
2646 2505
6608 2903
7935 706
4299 1764
6183 1320
8401 2194
56 345
5394 2643
1149 946
1449 728
1561 2842
4239 142
8405 2238
3422 787
6078 679
2028 2999
8708 2027
1648 2637
1061 2840
4695 2214
2724 2779
864 2515
1128 1909
6925 2426
3554 2415
5594 2379
1929 1370
5429 536
6659 3132
1423 666
1468 801
7402 861
1 2512
914 2055
8636 2151
4023 920
3594 3267
2918 1503
1209 2816
5309 2206
7375 3258
5051 3202
8466 1375
7571 2848
3776 199
3317 1274
8005 1322
6004 421
8932 345
2789 1928
5588 921
564 497
3379 3058
7223 196
2717 2368
5927 640
4523 3006
5882 2003
2139 3218
1085 1018
5186 2681
8039 90
6485 484
8674 1039
7584 2443
2959 436
7470 469
5971 2068
7000 741
3345 2008
1985 1478
3179 592
1324 2307
5194 2329
5868 1577
5833 2272
7893 1398
8845 3262
7261 3054
4476 1793
4145 1154
1613 2700
1133 48
5099 2136
6881 2830
5097 2028
2362 2299
3224 131
794 2949
2455 350
3184 1675
6160 3243
5418 63
6257 3072
7486 1725
7544 821
2528 1127
3679 566
920 2131
6696 355
546 2889
469 1806
7603 2648
7408 3099
8169 514
1727 1162
4290 701
1575 3170
5049 2754
7164 2825
1851 1976
8772 1779
8847 1340
6018 1843
8118 555
5085 2962
1181 2486
7813 1934
4178 1363
3902 1471
1601 3200
2555 1154
8521 3168
902 1177
2980 3183
8393 2420
707 1084
153 1172
2989 2756
7403 2774
3570 1903
603 1640
7180 695
1815 2682
7739 2488
6692 2991
6879 60
372 1497
1388 1219
5963 2324
545 2516
4117 1166
6638 2631
4419 2040
8869 2962
693 154
6671 2244
5586 3045
1073 8
933 3040
8927 2938
4438 2843
5995 244
3203 1572
5988 1791
7041 384
2008 2061
8548 3127
40 1427
664 1765
4736 1517
189 802
5238 1215
6650 2175
4700 1537
97 108
891 2772
6877 2236
2587 2202
6944 1517
1923 3048
673 1214
6129 1778
6293 132
7866 3149
7078 707
8918 2407
2075 692
3198 611
8971 274
1608 1251
1788 1977
5394 5
5501 3152
5653 2342
5575 1214
4471 1030
4246 109
5956 1807
1406 3007
4991 2318
6671 1134
5707 2518
5685 1478
49 1614
5817 1608
7503 616
6261 1524
3322 2003
1520 2681
5295 2776
3198 3207
5549 2026
3918 13
3483 3080
1192 429
5537 2370
1678 2841
1299 2662
1132 141
2788 2675
6029 580
8320 2967
498 351
2997 718
5583 278
392 3145
5007 142
6974 725
6040 757
1152 2447
3020 15
5518 2737
1250 2591
5869 2374
3257 1738
4065 3118
493 3192
735 2284
7392 1635
2087 1226
3422 2415
3195 1236
6946 135
5976 1963
4786 2149
7298 2067
3269 2462
1968 947
8066 2659
6437 1442
7230 1933
7089 2442
7708 211
8426 1927
4109 2506
5261 3208
1221 2354
6509 2020
5633 2554
147 388
1889 202
6095 2244
4260 763
466 1189
5452 491
5558 2583
99 80
3335 2624
2099 2702
2353 2040
7625 1566
1016 313
4005 2738
2714 1743
1517 1760
7503 2014
8745 2102
4702 2747
7844 277
1923 2080
7087 616
5477 2980
3167 130
924 187
7481 2710
735 2076
3927 20
8818 3241
1533 1694
8282 739
2658 849
2506 181
3317 2830
1315 1224
2590 3217
3591 188
8971 2352
6716 769
7637 2798
993 492
3616 1409
2272 931
6267 1200
8514 1351
2232 1699
2970 3183
6491 2236
1473 2074
552 1723
4606 2777
3077 1730
2829 772
2868 1907
4437 2090
4089 1418
6830 2725
2119 1458
2 2331
3039 748
52 2365
4152 1847
1668 2451
5824 1327
3487 2966
6772 1503
1340 2755
4451 3146
4404 3143
8584 3221
6172 1937
1590 3081
6984 2725
1094 945
3042 3011
1459 2946
3035 1208
7056 2789
1148 2861
7190 2111
6968 2885
5972 1651
3249 1976
1552 1377
456 2605
1384 769
5208 2137
5054 1141
7962 489
811 2094
3291 3202
7905 948
7745 2804
1710 1397
6257 1948
4056 2889
6461 1474
8864 1819
8185 1072
3285 1292
1284 1159
7533 2720
4760 2805
7844 385
4702 1379
6335 1248
5236 1475
6775 484
493 794
3236 1295
368 813
7649 1114
1883 1668
2810 2631
4269 1122
176 1829
5199 708
5780 331
3676 2863
3121 2058
6630 2957
718 349
4274 321
4098 3185
4996 517
2561 450
7812 353
1635 472
5575 1388
1561 2508
4182 1891
878 2497
2732 127
2750 2113
2642 373
8660 1163
8903 3026
6256 2709
2353 2102
3079 20
5564 1445
5557 736
4041 1240
3215 2538
2280 2931
966 2539
4266 2721
5936 35
4473 1028
623 834
1253 2640
65 1776
6772 2901
3624 1797
3461 742
235 1294
765 722
7005 2236
2349 3160
6633 596
5699 2526
4260 2513
287 46
6001 2322
135 766
7302 1415
2668 75
8187 48
4662 2639
5951 1466
5376 2423
5177 1358
6574 2129
3797 590
7586 1547
5762 2577
3091 1798
3889 1798
9003 214
3468 1959
7337 2394
1150 2645
1565 150
4632 3027
7100 1687
2566 983
4923 2328
7767 2440
7532 1093
8853 72
516 1497
3440 1341
4560 1447
3052 595
5072 2091
5312 1701
5673 2030
6662 421
1725 3036
4046 175
6495 1754
5931 3036
84 533
8735 924
1591 624
741 1492
8518 2733
1684 875
1502 615
5180 701
2044 1515
3763 2756
2540 333
6864 1875
4453 312
1057 2190
575 1656
4284 3165
862 1893
5700 2075
7693 2028
2771 1046
1279 3048
3969 2592
1747 128
6580 61
2719 446
4768 1397
4192 809
2675 68
238 1299
5987 1964
1766 1833
4973 1924
7152 251
8897 772
7616 1695
8377 2686
6435 688
5398 877
4531 1014
7321 756
3136 2329
7619 272
7475 992
8060 2957
1565 2712
3137 994
2179 1652
871 2738
7025 1902
849 2908
7242 1115
8884 3163
3889 1178
2990 2359
1726 1413
6933 2386
3529 2084
3470 2867
3718 163
5969 792
5970 135
6877 32
1564 3125
2890 2169
4766 2159
3802 2211
2355 1298
6602 2857
209 1396
6083 1100
6081 288
6750 2735
85 48
4912 521
3886 2681
419 1318
2037 2530
412 31
8694 987
1621 826
1689 2640
5535 1462
725 816
4249 30
5363 1822
5429 966
8336 1671
2712 1941
3452 395
8263 2262
2773 2452
5122 1291
8679 2080
6087 1384
3229 1702
2729 2124
58 2037
1184 2897
3788 2765
6731 1122
2397 1130
5487 826
8200 1531
7188 1391
4873 2252
981 3258
4508 667
5546 77
1740 1015
5596 2567
7166 991
942 1707
922 629
73 1974
1479 1822
2384 2167
6228 609
344 1697
7031 380
2529 1114
2769 1764
7841 1406
4418 2573
964 479
1832 3257
5468 2729
8330 2615
7311 1250
163 1562
8699 1304
1708 2153
4485 1734
8879 358
8332 2065
5234 613
4173 444
4952 903
5267 2018
3970 297
6778 505
4343 1498
1091 1404
2510 335
5603 1206
6849 1890
5888 1377
929 1150
2328 2253
3245 1504
3204 1415
6602 139
8893 2172
5510 1701
6948 3241
8563 2534
6572 1733
2907 1800
2934 2845
7576 2701
327 2254
1096 1251
6697 1450
5910 2741
7429 1264
1225 2002
1846 2927
2673 2706
552 675
8229 430
5963 3150
7848 1487
195 1756
4011 2802
3999 1026
5856 783
6372 1153
1825 2674
4228 3027
4589 2768
4887 2612
3286 1261
987 2300
668 1249
293 1986
4274 311
4943 194
2464 2561
4884 2733
3518 685
8121 1772
7461 1084
7840 1901
4427 246
4098 729
3434 2787
6409 2064
4989 1136
4478 2717
7283 1164
5478 2577
3440 873
5305 2698
8694 2071
4841 1290
3613 2602
155 1726
8368 177
1438 2605
7982 583
8228 3107
4131 744
4429 2824
5806 2273
5473 2968
7322 2095
831 620
6052 509
2734 2533
1663 2988
729 2182
3043 2926
434 3139
8913 1128
5670 3057
2030 2899
2836 1999
6420 205
2890 1903
6835 280
896 2567
2410 1543
7556 2687
2662 3209
2422 1943
6296 2025
1846 2625
2529 582
7257 670
4742 2403
8700 1305
627 1832
1413 2112
3213 1050
3113 2802
3890 715
6213 1814
7469 1836
1327 472
8390 1317
616 379
4663 918
7364 2849
6352 3259
4973 1516
1339 1740
7606 2837
7428 2753
3867 1720
5284 1037
7746 2789
1965 2410
1154 2039
6456 431
8172 1731
3616 2355
4406 1647
1376 931
5523 472
5514 221
3087 1136
6599 2486
8579 1302
8535 2944
8901 536
7663 174
7299 1428
5628 2167
1659 2886
6201 3022
7603 510
561 1942
7205 172
3926 3119
1249 368
5598 1219
8549 2604
3173 1138
8489 1940
1853 606
6364 933
3659 1528
1640 2653
5538 3139
4982 1087
4628 579
5642 3249
7717 1348
279 1864
916 27
1367 2402
316 1651
1943 2716
1671 654
907 2830
7163 3026
3234 2247
8977 1316
3775 552
5094 1581
2869 988
1780 2093
5094 871
6483 1420
4462 3149
1070 279
6139 1952
48 2067
6210 2423
951 2690
1844 1943
2724 1891
438 1099
3165 386
5789 3144
4032 2531
4525 164
2905 358
901 2708
4571 2002
6495 1904
5917 1026
7846 9
2430 3089
5047 918
3612 1833
6500 2411
8931 620
2123 1346
8832 3219
6791 2026
3444 3053
6236 1235
4151 2588
2729 756
8973 1880
2263 368
8771 956
1099 1024
778 1791
5981 2022
5018 313
3803 2744
7813 1588
2465 518
3385 2734
1241 2924
5883 3150
5537 142
8781 2542
7306 1509
6792 679
2843 1928
5838 3087
6423 2552
7971 1846
6673 1324
3980 1197
5428 2953
3194 2549
6878 2729
4565 1268
1212 1279
4057 472
4716 1377
4132 883
685 2644
8353 1158
1383 1444
7857 1790
4122 1647
3726 759
6724 775
2714 2099
3088 2887
7419 6
2579 2144
5514 359
2350 2185
3173 2466
1946 2463
8250 1661
2404 2599
6836 1299
8800 2217
2300 731
4613 518
6525 1764
6701 2786
7073 2942
2193 876
8030 2027
3223 726
4688 845
2429 1958
3271 318
6763 866
4534 1395
7152 2951
2794 1471
3225 514
4417 820
6163 1092
485 1478
3124 1929
7606 2195
6880 871
8130 3051
6427 2992
6347 2154
7662 3107
4873 1594
7971 886
1839 954
4331 1198
4144 57
4588 3053
8018 2285
1116 3183
2420 2317
4283 694
7795 506
2089 2404
8272 151
1748 2203
7203 2910
3100 1815
4483 2280
2548 435
6368 2653
948 3125
3279 4
1982 1569
2393 3126
4623 570
4326 1965
1720 2209
438 301
7887 1458
4349 2898
6585 2462
4718 1999
6931 2322
8248 3181
4930 1505
4171 538
363 2224
3807 86
7295 94
1746 295
6007 786
2870 1719
4355 1616
7901 2802
7876 1193
4073 742
1147 2054
6648 677
8831 1238
3427 2546
1687 2320
4504 1055
7873 1664
3887 666
8290 327
1746 3189
3881 1612
8082 2679
7213 914
6138 2809
401 910
5923 1394
3858 73
4133 2870
8193 3028
640 3139
6284 11
1643 2422
7133 484
3478 2729
685 1012
154 161
5312 1547
1458 2123
805 678
1979 294
1132 2031
148 89
3988 3129
6895 920
5463 2688
4060 565
1361 3186
7932 1855
3327 1456
7937 928
6637 2500
5373 1720
5884 95
5222 597
2466 2417
358 1107
2354 2457
4284 1259
2923 668
6129 3018
1032 261
740 2047
3286 1959
8879 2646
3527 2248
3516 2145
8353 2684
5655 850
4444 103
3284 1499
6148 1051
7873 1894
143 2940
3799 2430
237 1872
3340 713
4685 1724
419 518
6068 2861
4642 2481
5489 3182
8123 2806
8617 1520
5839 1678
4394 2715
406 1495
7804 1729
4557 2664
1189 3228
663 1594
430 2929
5339 2554
8690 3025
3138 3067
1837 2710
156 1445
3254 3059
8010 3077
6404 1811
5829 422
1486 165
8624 1625
8147 2686
3391 362
603 2448
2691 870
1953 1030
5128 1249
3752 743
8636 1685
873 1158
7248 3031
7024 1795
2306 697
6102 1955
1042 2331
1877 3124
4737 482
3291 580
5621 1080
830 2083
4827 362
5391 3218
6287 2372
5181 2132
8034 2929
4802 2163
72 1769
2023 568
797 2310
2395 386
809 1550
5144 527
450 1829
5196 567
6098 1997
5150 667
4819 344
1404 511
2482 1887
6132 475
7069 2492
658 2223
7829 2940
2113 918
3091 2064
8535 3154
8670 2067
3941 2828
1509 538
5464 2419
4443 504
3034 307
8467 718
7065 582
2735 2398
1442 2389
5103 1448
5409 1324
1185 1244
4556 413
749 666
4435 2742
8592 199
1131 72
2594 99
16 361
3243 524
5664 953
5967 1342
1653 696
5053 1406
1221 1518
3473 286
925 2878
7929 1666
2858 3249
5967 2658
4517 3100
5549 2500
6923 2510
7746 1333
151 1476
8369 2712
2000 713
5930 373
2673 3028
7839 2866
1110 1577
4438 937
2973 2778
7941 1242
4494 1397
8119 2494
1660 2021
7229 2950
3262 1395
7304 2205
8639 2558
770 2001
8994 1555
965 2382
6813 842
4697 244
1845 2546
4666 2185
7976 2185
5195 1266
2107 1474
7996 513
5414 595
2004 837
82 2703
5111 1924
2682 153
743 782
6994 3235
7284 2661
7357 2204
1476 2329
6240 2911
1353 974
7937 1440
6373 1094
1924 1121
6460 207
516 1463
2604 1903
8422 2855
5512 993
5146 315
3771 1776
7672 2163
6402 615
941 1384
6302 171
6832 819
8927 1906
499 570
940 1953
4307 2168
414 1659
5747 2510
435 1858
1515 2146
4485 2490
5383 1576
967 2232
4220 995
3638 1281
6804 849
850 855
226 2713
182 1073
5735 2270
5510 99
1570 297
8119 2358
4978 1623
5848 2335
1438 249
8478 1331
1564 2597
4467 524
1121 1184
3094 1529
7610 1009
3097 2234
5480 1185
4557 2080
962 2803
4734 441
1522 1883
3598 2977
5025 816
1197 1786
2046 739
3570 1887
6143 906
2494 343
987 2300
4927 2442
7073 376
3630 3061
1806 2003
5142 2567
2355 2236
6750 1605
7517 2700
8094 251
817 1762
7356 2703
875 884
611 1646
8265 1702
6828 1745
5318 2319
1641 1002
5906 2373
4398 1551
2868 1225
8639 1724
5791 668
1801 420
952 2505
5878 3197
5378 2277
8983 2780
1459 2450
3322 3231
2371 2478
5485 1600
2182 589
4307 1058
3565 1312
4138 2203
7730 185
6879 342
6612 2287
3532 2333
5831 1342
8348 2015
3705 236
2872 1295
4167 1330
1466 1203
6337 1912
767 534
8770 799
6786 2409
2899 2412
5593 56
3709 528
7152 317
6811 2816
5135 1708
2545 210
3229 2854
5370 1427
778 2485
6445 1814
296 2933
850 1043
4712 581
1437 1060
6084 1699
2049 1080
5263 2462
5713 1116
1971 212
1838 1487
1505 3244
2862 155
8787 2228
4775 3076
8266 1613
7593 52
5912 2665
2289 2280
5912 247
4746 477
1572 2621
5165 2372
5345 2474
7485 1248
3452 1227
2733 2942
6348 1687
8003 2336
3901 860
2691 2472
3837 2578
1351 2920
6611 366
2673 1754
3475 692
7674 1505
3551 2782
7334 2899
2802 2193
4501 1440
165 2020
5461 1774
1743 1410
3637 3182
1446 1307
2230 549
8241 278
7193 1536
227 3090
5105 1296
8841 550
8155 530
4287 2848
4224 309
5243 2200
6022 1565
2808 1969
6237 2332
6028 1773
7005 2368
6835 2902
2338 1611
4018 2257
2183 1006
8585 428
5819 442
5288 2557
1611 2786
282 367
8684 877
2196 3121
3821 2934
7124 781
2258 1503
3472 1499
3138 3119
493 2770
3896 209
3150 2733
5096 815
8448 1793
4105 1056
7471 528
5583 3156
3955 476
7401 1016
3111 2660
8913 1876
1716 2693
176 3031
3215 216
1390 3019
7160 3031
1929 1524
3300 2569
127 2950
1501 2256
5065 2650
2211 2664
8094 2631
2766 2641
1329 1516
2897 2558
794 1779
5963 984
6432 663
4012 3259
7566 371
2518 2379
1455 2356
6414 2053
8188 2403
1585 1672
6847 1954
5442 1715
5200 1507
8499 1670
4295 1946
3350 1945
5147 3050
8365 1030
1505 1384
4617 944
2294 7
3717 942
7644 2669
6576 943
6832 2863
461 1224
6093 1988
216 1689
894 1297
6946 105
6944 2685
7031 2512
6097 1598
3820 1887
2144 1103
7133 1560
3168 2751
718 3049
1428 3147
904 91
4816 301
4288 67
5673 2622
3496 1805
4535 2744
5743 304
8913 2338
752 975
6662 1049
42 2475
1676 1385
2909 120
3221 346
5874 451
1024 1081
2564 3025
38 2901
1723 940
8468 1607
2139 3026
2962 3261
5251 1998
1742 797
5870 2131
5015 840
8529 1908
595 1592
6779 1816
2814 3255
6360 565
6830 1643
2892 3187
6164 777
8300 707
649 576
2953 584
4208 1851
2111 2852
7827 1686
5890 491
1635 2984
7958 233
710 1635
4854 109
2061 1302
3055 2736
5357 1740
8445 1358
521 76
4330 495
4222 1785
5322 3227
1909 3106
5521 1100
5795 1528
7740 3009
1892 2633
6850 1817
6446 1063
3071 1078
1236 2883
778 501
3325 2540
3285 1574
2314 1947
3768 2789
6957 100
5516 2443
7729 1460
7545 3038
1370 1131
5793 970
1547 1708
1680 1233
4361 522
7796 757
1647 664
4920 1999
8945 2618
7383 1422
2188 2329
6505 1198
1245 2868
553 1892
8004 711
8121 2716
7070 647
355 2028
4034 2537
632 713
8730 2799
6984 2623
1726 1321
2324 2285
423 2818
7835 936
3513 708
980 2529
8272 1909
1189 494
205 1776
2386 3079
5419 132
7090 303
8810 1855
7146 1217
889 1494
4939 998
852 2265
5444 2227
5729 2180
7429 2912
7061 1754
7999 1966
8200 2285
103 3018
1383 1892
4204 725
2181 2798
4140 1567
4882 2423
2800 2951
1510 2959
3535 3142
7383 1968
4203 2008
4024 3
3125 574
3952 721
7816 1109
1104 1429
4966 1269
4350 2763
4128 21
1177 58
955 638
1613 1736
5297 1548
7240 2939
1689 2316
7128 2107
5867 1612
6324 2235
7239 1580
1029 624
2509 2588
4753 1380
7426 1219
115 890
7726 759
8487 1074
6646 829
7580 2175
