4050 2636 4166
329 1841
2483 1722
1648 1697
2612 1831
2397 2200
1012 2329
1125 886
946 1351
3203 1104
771 604
1768 371
1603 174
1628 975
2788 1397
1912 1665
1000 2157
2184 1619
7 2444
839 306
2510 163
547 122
2537 524
665 1964
2099 1428
144 937
2892 1049
1264 1075
2515 888
2284 2405
1693 788
3250 2575
3838 753
2804 383
384 1033
3564 2207
1007 1552
1568 1203
2719 2454
1192 197
2476 2111
3276 1351
1482 1141
2600 675
715 2238
1730 2477
2788 1637
2001 1064
3704 2091
2338 709
4010 1637
1633 2570
2699 782
1538 71
2862 233
3069 1262
936 1211
603 1070
3417 2264
3199 2588
655 1126
725 2068
3693 1872
1634 2391
3595 136
2331 266
3110 591
2443 1732
2604 853
2020 1005
2590 1685
3825 2478
322 661
1343 1624
144 523
453 108
3478 2555
319 270
1188 485
2838 1799
1380 555
2883 2538
121 290
783 2398
745 1266
3115 1734
1482 1263
1886 2083
831 1110
3868 675
889 260
3724 1695
3224 1103
3959 1112
1530 1541
2345 906
3666 2517
377 1704
83 2316
4022 875
546 1415
1495 972
2593 332
4007 1502
3058 2425
3682 605
2326 1805
1206 517
3018 1317
1409 814
3646 2055
1328 1287
1408 1469
2328 1699
1921 1058
2802 1939
3967 2184
2855 446
3026 1675
1090 1079
1193 1396
690 553
2650 2143
429 1038
914 2530
3316 1135
3685 1310
1693 2494
1546 1593
2674 509
1809 112
2331 2542
2876 525
3500 2585
397 1320
1810 361
3078 1755
3085 2532
1338 611
42 1343
3089 766
2478 717
4035 1312
1716 103
1359 1684
3070 2281
255 1152
3294 273
4036 669
1677 358
1516 755
1095 1794
818 2557
3722 201
1167 1506
2527 276
423 2038
2306 2139
3359 1104
3397 726
264 1379
2863 468
589 1018
1012 257
1493 968
2229 582
1850 2345
1950 715
1363 2334
3144 1913
61 416
1601 936
2530 983
107 2186
3565 2342
980 2479
705 2380
3081 1386
1654 353
3653 1414
1013 110
4028 1613
2781 1866
757 1842
531 2632
765 1592
389 1056
852 321
2041 2108
1134 2473
415 990
1280 1269
3751 1334
1949 1798
1456 705
1460 1859
3723 1260
1737 1488
3785 656
3950 461
3848 2077
1918 345
517 1840
495 1744
2874 63
1206 1135
1166 1091
2101 1562
3393 108
3712 503
550 495
3285 364
1005 2032
708 1821
3025 834
2637 2576
2157 6
3655 1092
343 984
1169 348
992 329
3826 1417
2653 1838
1208 687
2268 2571
779 2600
2250 1839
2736 2379
3012 2281
1082 935
2167 180
1379 1478
1755 324
2156 621
415 2022
3617 1742
3989 670
947 2618
1190 2041
2860 1747
1576 175
622 1341
337 1160
2153 540
2505 2598
93 196
2533 492
3917 1200
3591 2220
3833 1798
3177 964
3107 1766
2986 2419
1060 1703
4016 2447
1707 2210
681 40
916 2111
2684 1877
1455 1462
103 974
2406 1285
1391 362
3724 2621
1833 2324
1439 1664
3582 1569
2238 2253
2230 1463
3752 257
1167 1976
127 528
2639 1770
3654 157
3875 2498
154 983
2083 2452
189 2112
833 1696
281 2194
3129 340
1866 2331
797 1758
4036 217
697 1418
1358 803
1738 1813
3179 1286
669 60
3034 639
1136 2275
3034 1393
2273 2464
2327 2364
2603 268
3587 1242
631 1682
3525 442
2468 2361
639 2330
1981 332
2759 1920
1259 254
3308 51
648 2413
3640 235
2309 1678
2926 199
1230 1265
3530 2031
1161 1124
540 200
231 632
478 829
3069 2592
326 1985
2448 1533
598 2495
4010 1783
2552 2635
2642 821
1161 52
3941 200
1856 205
550 2545
1797 1528
897 1820
1058 2621
3565 276
807 168
1046 1991
3101 2484
2704 2369
3069 1562
841 1532
2170 2287
1224 1169
226 325
3167 84
1243 142
131 2568
2126 2317
1034 1609
818 2003
3150 1649
3422 167
2237 956
922 1221
584 273
3357 2522
930 1957
3947 1910
3654 1663
3292 2555
24 553
892 2161
2214 2545
73 1968
2280 1629
783 1514
2602 2623
3946 1627
2227 2524
3084 487
3666 475
1928 655
2648 431
2451 640
1433 1042
1431 2276
1345 2320
180 955
1957 2328
3322 2053
3904 619
3812 2431
1827 526
61 1956
1843 1070
3645 284
3604 1583
1527 1310
1482 1159
868 1639
3044 449
2166 223
61 2608
1375 1576
116 1969
3895 1552
3864 2323
2805 2218
1207 944
2863 1182
234 469
3527 1298
2491 186
297 2620
1668 2141
1450 1771
1057 1618
1326 1897
1387 1826
1034 1495
1277 2046
2514 249
2272 1499
2354 1703
3252 1473
2420 775
3516 1733
2499 1768
3981 240
2905 1822
2732 1805
1287 896
1874 83
490 203
1189 1074
3343 1260
2475 1290
2128 873
788 2459
3514 793
3904 645
339 350
3718 841
146 1463
2149 1520
603 2212
1374 605
3467 874
2048 175
1890 1105
33 724
1041 1394
880 883
3743 1850
3768 1161
1743 2284
3513 1630
625 1294
3102 1371
221 1157
1270 2485
1277 1626
3009 2220
888 2407
2633 450
3393 1618
179 1788
790 2017
3893 1948
2285 96
873 1726
3606 735
4030 2361
3915 56
1799 2220
197 732
1781 2014
3963 786
367 52
4030 531
1122 1981
789 2106
708 1943
2343 294
3273 1170
1906 2135
2898 2405
1421 1526
3277 198
3336 865
2265 462
134 1411
2006 399
2078 2223
3476 2299
43 1762
752 2623
3570 483
1946 625
834 543
2105 786
4012 2413
2503 120
996 2251
1869 2204
710 689
2813 1552
3840 2605
2234 1427
675 2110
2817 2516
761 1664
1127 482
3602 1259
1016 1153
782 2197
3377 1820
3886 2543
3332 1279
1148 2385
3616 1011
3674 1731
3435 1992
2321 2340
460 2237
1235 2292
3152 527
2077 860
561 1376
815 1098
1828 2501
3974 1977
1444 813
829 1468
1602 75
1192 2589
345 566
1562 479
761 2326
1426 1361
78 139
1272 2587
1679 380
897 1608
370 2297
2940 227
1368 781
473 1826
538 201
3793 2048
2190 911
2681 600
3139 684
1906 1501
738 191
2771 2336
4024 1169
3645 176
541 1434
2955 1399
623 1170
2816 1759
3111 1940
1872 2057
3764 281
2233 800
1866 751
3601 1876
331 2532
1091 28
3000 1761
3659 2102
322 245
1186 1347
242 1661
3791 1054
2023 1404
1901 2382
1740 2393
2414 2255
2277 2422
1747 1048
86 1491
1837 2298
11 622
2655 852
851 1004
393 1816
108 1721
3885 2420
2321 1688
36 2177
3174 167
1522 153
1817 810
2394 2413
1444 121
3950 2547
704 1807
1424 2053
1979 1148
763 2348
3514 71
598 2469
2168 2553
1706 2007
2685 2190
2655 2542
3039 214
984 2475
2079 1066
3128 1383
288 2397
1644 1673
1337 2282
1063 1980
1787 1942
1573 664
2664 1474
2316 791
246 1235
3472 1393
560 731
2863 948
925 2572
3320 1947
903 202
873 108
814 263
703 2184
1086 1117
186 1041
3678 1613
322 1457
1662 2399
3767 943
2620 1453
517 52
454 2285
1948 453
4014 51
3905 684
2276 1003
2225 1422
3957 182
1732 1831
3197 1416
2773 1066
2965 1328
3252 1135
3824 1045
4024 1377
721 236
2780 2355
3936 1431
3349 1278
3045 1490
3312 1423
3462 317
3554 821
1017 1874
3792 1931
492 877
1426 721
2184 2245
17 1095
3593 1126
2075 298
2965 1296
981 1936
3165 632
3120 2459
950 1137
3212 355
1714 2289
176 1267
765 28
1672 1553
3318 2005
543 448
2212 651
3247 260
651 270
1373 1290
3856 2297
1906 1579
2596 2207
77 1146
920 1357
3336 1031
3669 1962
1573 1150
2700 1523
1945 1110
2618 1395
649 710
2541 1524
3887 2314
801 284
1150 2357
3654 1213
2496 371
1635 2134
557 406
2354 1197
3341 1262
3469 2548
3950 115
1315 1836
388 2357
3129 178
2644 1089
3886 1647
1146 137
1449 2632
3683 840
42 2133
1822 727
558 1455
3714 1651
26 2217
1774 1585
385 586
1736 1613
2256 2589
1055 1886
1008 2245
1875 660
390 99
1972 123
2641 416
178 45
1483 886
233 572
1526 503
3360 485
3592 1849
2080 341
863 1574
979 880
2883 2092
2769 694
3455 474
4008 921
2037 700
1756 1999
1254 1487
1037 412
2187 1302
2784 15
1433 2282
2578 2229
2989 1352
3224 1261
3101 348
545 480
2776 765
1736 1453
656 1685
3312 1349
3497 700
202 2223
292 2139
1944 2327
1575 1880
308 1869
673 1800
1263 1128
429 874
3843 2254
2341 950
467 832
3426 1165
3952 1975
20 641
3967 258
3920 567
2279 510
270 209
2235 666
9 1336
1804 1639
1604 2055
2011 98
344 2605
2695 1136
2987 1617
949 566
66 475
715 298
3028 153
2524 2167
1171 1394
2382 1303
2933 2044
2561 2056
909 2578
3255 448
3309 1274
3167 2200
3083 768
184 2549
86 2169
2111 2544
2142 1543
1802 1955
340 2371
1937 2328
4038 1603
3024 2028
3262 2543
268 2565
3682 653
3855 1272
1079 2054
2787 1544
3388 791
2141 1706
875 1622
2822 2401
2290 1991
1814 1101
954 1630
4050 1031
162 133
2969 1306
2807 486
1461 1498
3301 1114
1773 2210
1284 1261
1087 2156
2358 149
1684 691
1747 2080
3397 1664
3357 2602
58 173
26 1729
65 1684
2031 1492
2731 1248
1540 1941
1316 917
2115 1442
791 1522
1181 922
2684 1809
2917 1520
3023 2612
1173 2132
407 1136
1186 1855
2133 546
892 1909
3895 1170
1182 1455
298 2587
720 1903
1185 192
2873 1808
1788 1579
2084 459
46 2123
572 1993
1695 508
735 1882
2563 1472
3416 843
635 2202
2735 852
4031 212
2869 2620
501 1728
3946 415
1249 154
94 1221
2165 532
8 357
3745 1866
2796 157
2240 789
3228 1351
158 1241
1457 2422
1922 2165
1848 2437
385 2446
2029 474
3911 1176
1438 2123
770 1899
2561 382
1848 1285
475 2354
3825 1404
2843 2162
2055 1682
516 697
2679 844
693 1150
814 2291
1249 648
849 364
3231 790
402 2417
2728 1021
1971 530
16 2557
2295 2522
722 787
2823 1060
3239 994
2261 712
1161 680
1766 411
465 626
2500 1257
173 2316
3241 1596
2356 2257
795 206
433 1412
546 126
1988 2051
1536 1292
201 618
2478 167
3203 2462
3705 1900
1 1372
3603 514
1917 1152
1967 900
1816 1367
2818 849
832 2167
3429 1278
420 959
80 1693
3090 1919
2022 1441
2091 1938
3071 1596
500 489
831 732
3285 1282
921 1680
3656 1006
3156 1651
600 2613
2088 103
2475 1442
405 806
732 765
3590 477
685 216
494 19
2563 1802
1726 671
1168 1177
1817 2274
3530 2587
3379 1220
1456 921
314 1791
3963 618
2861 2402
67 2242
3721 56
2524 1919
2192 1835
2984 771
275 1426
1711 2616
2521 1530
647 2374
1913 1598
747 1128
3681 1220
3225 848
3376 1913
993 1844
2399 2168
2077 2042
205 2304
520 623
4000 1203
663 1268
3675 1610
2121 282
1391 1452
1742 665
3864 21
3008 9
1078 1971
3146 1909
2395 376
2779 916
2232 2025
1604 2109
783 1572
1001 810
1245 1750
252 1189
375 2066
1191 1112
1150 377
473 1958
530 1045
2451 1102
272 2135
2583 326
1355 500
3630 869
2541 576
30 2363
2855 1582
1110 2373
302 501
1809 1360
1106 697
3446 1803
210 571
126 1151
776 821
3857 768
1998 2513
2414 2193
3252 1205
1864 1043
3081 208
3954 691
3554 2449
2298 365
1669 1908
3536 773
3395 1886
608 619
2893 1454
3328 2281
1631 2432
1687 1904
2186 693
2135 76
3889 1496
719 1392
2351 6
2691 1242
2808 1297
4035 750
1055 1634
3217 148
545 328
3636 241
1952 2079
1430 1875
106 2201
2961 240
442 2409
930 1101
2071 1936
1076 1203
1839 114
2553 2590
2388 243
1039 2564
1699 1990
920 391
1740 1143
1452 179
3511 932
1288 2271
648 743
1673 2094
3497 1046
1945 1142
1415 1578
3443 408
3461 128
2667 1990
864 2205
2254 2315
548 401
1835 1694
3801 894
2960 1495
3097 148
2404 143
3636 1951
2078 2253
457 1728
3348 1553
435 2
1098 171
658 1685
2523 1659
3742 1813
797 478
2278 2165
536 1967
207 1276
1938 499
2160 2253
3386 2483
225 480
4011 648
146 1445
976 383
2368 313
3408 2301
1627 1554
799 86
784 1133
1298 1109
1901 924
2459 60
2616 1035
2884 2598
2936 1959
3730 569
2355 366
969 2592
2238 133
1771 478
876 507
2905 2468
4029 1000
546 2035
3257 536
854 2259
133 1664
1798 1623
3354 2467
1132 2609
1589 1418
3386 1765
3872 2541
1660 1993
2186 67
985 1808
895 546
1133 2586
70 847
81 1092
1902 2465
3403 1728
2195 2450
4033 418
3043 1344
760 1305
1602 221
521 1872
2221 1188
987 244
2191 2104
709 1822
586 1477
1835 220
3697 2262
709 1124
2978 1303
1356 2369
3708 471
3474 1453
255 2587
1223 612
1795 124
2355 1398
67 330
985 618
1584 299
1475 2132
724 2501
247 2192
3643 732
2316 2589
2493 758
3108 1533
3508 1907
2829 958
379 2296
1942 729
1143 606
2526 1469
3421 2094
2670 659
3809 2088
1828 1075
1207 2082
3623 1468
3184 217
870 975
91 1694
1425 2400
3573 404
667 334
3995 2140
312 615
399 946
998 45
1123 1534
1333 2352
642 41
3270 1777
3252 439
2886 2045
3759 1252
1602 1771
404 2105
517 632
2305 1566
3236 2491
849 228
1805 1002
900 1531
2475 1356
3234 1661
266 1865
3563 1020
796 2075
2867 820
2331 1116
2304 995
628 2093
892 1625
1004 195
8 2007
556 255
2067 540
3034 2379
3217 2578
134 203
191 510
1849 488
1956 1825
542 1094
4026 1641
608 2427
3451 1986
3778 81
3821 1648
3523 1592
1540 2337
2586 1713
1373 1366
1337 1078
3159 664
861 1034
2227 1422
1900 1587
2188 2567
342 2390
1109 596
2029 672
2471 2534
531 2336
2825 1222
501 974
738 1607
1966 512
474 1881
1780 1077
2874 2051
3209 852
2354 331
75 438
539 1552
2739 2166
2959 2042
1142 1856
1080 209
2718 599
2043 2254
1970 1809
3717 1162
2348 1313
98 745
634 2451
1576 55
1212 2081
3794 515
3458 539
546 1471
1596 1053
1476 1303
3504 65
2056 557
2602 1079
3246 1275
3979 290
2133 198
1807 300
858 1181
2659 1448
3228 2529
3052 361
2344 163
3544 817
3617 1568
3939 2556
2109 1974
757 1322
797 1312
951 198
99 1140
1578 2067
2597 481
1804 2629
1619 1364
2387 1420
3571 2018
1588 2343
1595 1875
2906 127
115 576
1496 1181
487 192
3496 1211
3586 119
2828 823
855 82
1433 2192
3613 210
2407 2054
2311 2372
1652 2256
3394 179
3869 98
3552 293
1766 1857
3117 1554
1969 406
1402 2406
3174 2123
1270 1495
2239 1360
931 2190
1151 2356
799 2372
666 1465
2828 307
975 2200
3864 977
2540 2429
997 600
167 342
2247 2304
2047 1230
2944 1873
1461 1844
1926 1837
1568 201
3280 1299
764 2515
4001 1134
844 641
899 1376
762 2095
768 2469
1191 550
1509 34
689 1412
1347 510
318 305
711 288
1212 2143
3503 2346
3688 1095
2420 2479
1643 2138
2393 1100
1043 448
2834 1367
3919 1106
2299 580
3203 2238
3911 742
2172 653
66 2577
1229 1660
235 2008
3029 2022
3216 1591
2047 2070
3144 179
3889 768
1301 330
2243 264
2405 62
3350 965
1057 928
3226 2587
2290 113
2785 1236
3767 1972
3466 2273
1781 1956
1995 1448
992 1501
2834 1037
3701 482
1621 876
1433 1562
2020 2009
3062 1121
244 2269
1659 2152
2465 598
1231 1398
1457 710
3648 45
1107 1392
1705 1178
3398 1017
2998 63
994 1574
3017 1132
3125 824
2396 1897
3190 11
662 1849
549 2410
2182 505
2012 865
2843 288
3114 2247
1056 571
2097 2386
1353 1912
3586 2061
3198 2217
2098 223
183 462
1283 1204
2020 1701
1788 1035
3855 2376
3682 2605
2235 2368
2269 1248
4022 291
1508 2423
2057 438
3355 1022
3720 787
2195 2392
744 525
143 2082
1954 1809
2159 68
1504 1231
2113 1040
356 631
3623 214
1910 1999
229 1866
3541 852
267 1440
1959 1760
1722 1921
2528 2429
833 1736
3422 2215
3836 797
3830 31
2034 2257
3918 27
211 2100
3700 1983
2335 852
3481 274
679 1516
233 2494
3916 1813
3324 1575
544 921
2236 433
737 2520
3281 2382
1385 686
316 1323
718 893
1886 65
2579 938
719 496
2722 183
2621 1548
3299 1908
558 1273
2508 847
2274 949
388 893
328 2547
2201 1948
3351 620
1308 263
2054 683
505 24
1961 2180
260 1267
2012 1001
840 465
998 1768
3007 1136
36 2497
3693 1054
2240 1045
815 250
184 565
464 2143
2311 644
1860 2403
2358 2467
1983 1012
2789 1564
1156 413
1761 2518
605 2564
3132 301
1303 2166
1260 241
2685 1112
1721 1430
2829 56
3574 1961
1204 1107
4027 1118
1984 889
3896 1661
1491 44
1240 1987
1551 184
575 1664
3191 972
535 1604
383 834
2223 2364
1956 1197
3553 64
2736 2611
493 228
2144 2217
2279 104
1661 804
1886 1583
3802 1335
3339 2082
3818 305
2233 1200
970 1441
366 519
1701 998
1840 207
1913 272
3815 1714
1027 1804
981 46
2221 540
2182 2503
3369 1378
1978 2147
417 336
4013 1004
3695 550
3929 2012
2390 2519
2143 1736
1878 1091
1209 1244
1893 880
2098 121
2030 767
3432 1995
2150 2523
3308 497
2540 305
2184 1879
2932 1319
1908 400
3227 2572
1093 1942
3285 1116
452 699
1405 2606
3970 2387
709 226
503 1438
232 2281
2238 1839
42 1560
3752 2635
2569 2616
3035 1118
934 2279
3053 588
497 556
2311 1332
1464 1460
3167 2450
1814 1543
1200 2095
777 264
3880 441
2901 1982
1046 281
2426 1925
1840 569
1663 1748
3402 347
2712 293
3635 986
2858 2107
2960 160
2505 442
3660 2077
1143 1190
2220 619
3758 1933
3729 2470
2459 1750
2751 1234
3525 1588
2940 463
2551 2098
916 1209
3775 1116
2178 1869
3595 1752
2836 1331
1687 268
3815 12
1261 190
1833 1026
779 2354
3312 1967
1848 2197
3972 1805
3267 372
2762 559
1330 1193
1394 679
2217 1242
2476 1927
1831 132
1532 585
391 150
2307 416
3505 520
561 840
204 1203
593 1964
3581 1318
280 1087
3584 1297
2247 1304
3669 1370
1115 2488
3451 992
2835 1950
1997 166
3031 530
151 1326
1483 18
2776 821
612 2501
3598 1965
424 2075
3018 2101
3063 180
1515 1642
1078 2171
2082 321
1721 1542
2828 2371
3898 1971
2791 1546
86 91
3960 447
262 1883
3638 1337
1108 2003
49 2492
215 1852
1617 1866
3565 782
3625 1856
791 1018
100 2423
3995 2554
692 206
2973 2386
1116 1085
1052 411
1227 1198
1138 293
2424 2409
4041 1760
2916 1981
2724 1301
3421 2362
147 1020
936 1753
123 944
3449 182
976 1291
4034 1357
1375 668
32 1351
3111 2514
911 2266
225 114
953 806
1386 1086
2986 819
1714 673
620 1989
128 179
3413 1390
2700 91
995 2042
1655 1822
3033 514
1200 2219
3163 510
2980 2623
2207 10
510 751
3678 389
3630 1413
987 624
249 100
249 1778
1453 1696
2462 1861
2035 1524
443 244
3719 772
773 2312
2009 1270
3984 2263
591 1666
457 936
2119 1138
1058 2135
433 1442
1073 472
1934 857
1426 1573
1365 716
837 2170
3339 342
726 1459
69 128
886 603
1793 1334
1650 731
3077 480
746 929
1552 1389
3765 2154
1911 148
2954 1195
1727 1444
915 1286
1953 1120
274 1439
1389 1660
2057 2580
2992 2179
3617 1782
3294 1659
3923 1132
2888 1139
1842 75
536 2265
2954 2035
3057 1948
997 1018
1442 1981
2552 823
3706 423
888 2429
1842 225
1966 2355
1656 1217
1987 2416
549 1360
655 1750
3909 1558
430 981
2387 2214
3083 2214
1263 2628
3905 2604
3083 2482
3602 1057
3857 2028
3951 2262
3729 528
2362 2583
2461 756
58 1429
3923 1774
1332 2511
4004 2189
1170 933
2367 1566
3648 747
2693 1212
3073 2232
3005 2010
305 876
1996 813
237 1542
3347 1296
3609 2108
1095 966
205 2156
3805 2490
880 1641
1256 2217
3429 666
793 474
3394 871
1057 988
1747 370
139 670
4045 2566
445 1514
3987 2110
2057 2630
1542 2041
755 1910
2044 1299
1728 1205
792 1407
2095 1956
904 1545
254 2253
1615 624
3174 777
3893 638
2570 2359
3687 1646
758 819
3525 2258
977 1394
2508 827
3891 1358
730 689
3676 2437
781 1362
3697 2360
2735 138
2177 2270
1664 741
331 1464
754 95
2764 2087
386 739
1887 2562
3250 1717
441 254
2052 1579
817 1088
2340 813
658 2287
173 1904
1452 829
1731 2590
2001 2194
1761 1274
3901 1390
1687 554
487 492
670 1087
1196 1401
1774 25
1718 1263
762 643
1561 2310
1372 2485
805 134
2236 2365
867 2510
3408 1697
3392 2589
1485 2376
2206 1619
3274 1471
24 1527
1305 2620
3880 479
544 2065
3394 1775
2119 2308
2666 1363
2446 1155
464 1315
2894 2359
541 288
294 188
2201 2364
3426 2527
1625 1128
997 2010
3272 1617
2471 528
419 264
2940 2325
941 1366
3563 1874
2852 183
1272 1787
828 873
2534 2129
2806 983
733 1738
1102 479
3119 302
3325 2284
2707 164
2077 298
3319 1066
1971 1014
2007 854
638 541
3126 2247
699 1936
1808 173
3093 816
920 827
2928 2517
3873 278
2404 2377
2317 1338
1849 2306
2076 901
3747 1258
464 2271
1750 2187
1966 359
2419 870
3914 167
1645 2294
1668 805
3786 2519
1257 946
662 799
121 1548
3981 1284
2780 829
1846 2035
2631 1918
786 2161
1468 625
3530 417
2316 1317
1996 1727
18 89
1240 1465
2554 2275
1602 1727
2477 1124
83 506
1842 895
541 1224
1876 201
734 1283
3975 1582
1539 1598
2426 1009
2090 2193
3129 660
3619 2238
1108 1761
702 1011
3754 1827
2666 2583
1418 249
1740 1933
2808 303
616 561
3207 1024
1521 2062
1067 700
2257 1116
1041 2369
731 2518
3008 1667
3608 1035
1084 2137
917 2026
1396 2617
3618 313
3596 179
1939 2404
3456 635
3108 885
69 1412
980 1723
656 651
632 2513
1996 2285
3000 1311
1927 758
2004 935
2004 473
2465 984
649 1184
2974 731
1902 1345
2701 1860
3638 1215
1795 1666
2399 818
1881 1834
3817 474
3465 652
3479 2382
1996 185
3234 375
2371 1566
4008 1839
2245 614
3776 2429
2095 148
1868 567
582 1911
1240 113
2383 2322
374 675
3429 2278
751 1964
259 1562
2933 406
184 119
1846 2339
916 397
1088 2559
3518 2477
820 1529
4010 2091
1971 1456
3240 905
1470 1327
3267 1332
2337 44
3276 789
1643 2506
2869 1118
455 24
1325 1768
3710 387
2852 2541
1002 1937
229 2102
3964 829
3506 1265
3001 1572
2743 1332
7 2124
1155 1012
911 36
3620 1111
1742 763
502 409
3721 1806
2318 567
679 800
953 1374
1207 1518
2784 2335
3502 693
2265 2542
2675 30
3468 2571
2611 2004
3970 321
4019 990
1063 1526
2145 692
772 1839
1391 798
293 596
1774 1327
3371 2208
3876 87
3501 2474
2643 2410
3494 2471
1888 1289
2664 2453
1738 177
1602 715
3053 158
1681 1458
2277 662
1578 799
1017 264
1971 2018
3305 1002
3903 1204
540 286
597 2140
2307 1860
3950 2465
3354 675
1730 1185
2067 1942
3400 1779
906 559
1523 116
694 2069
3980 819
3878 2547
1404 691
925 2390
1103 2122
3015 1912
672 1575
2570 2371
2437 608
971 976
3740 1841
3634 2587
3233 152
3363 2370
2363 203
1872 1873
383 2002
376 2337
2328 2563
1459 1462
3003 50
2250 1669
625 896
3513 1154
1514 1761
995 1782
3571 812
3180 2313
3088 2499
1143 798
507 1764
639 1064
3646 367
4004 1257
3545 1446
3372 1139
2828 59
1851 2610
2019 116
1940 1
3652 2411
3638 451
1551 2556
3306 451
1849 756
1473 604
2500 443
242 439
1148 1477
1113 498
1090 1393
3225 1500
2882 929
2149 1682
3517 1040
2602 1261
756 1747
2764 2095
3565 120
3997 872
94 163
2527 1008
2694 351
3556 1575
1492 2153
1290 1191
2845 236
3758 321
775 2070
2546 351
3743 990
2767 2106
3140 1745
1969 80
1905 1786
624 1321
3634 957
1835 1762
391 360
1046 787
1684 2303
1522 1611
558 2175
3643 338
1839 1624
3205 1026
3774 2059
553 914
502 861
2040 2507
459 1079
799 244
2824 2537
242 759
49 1658
660 1033
3699 942
1234 155
1910 219
2627 2384
1665 2376
133 2018
1982 1177
1257 630
2204 187
3943 452
1942 2371
3080 667
1855 628
2410 1697
3766 1539
2888 2049
1734 1833
2748 2501
2095 196
1951 2012
648 1859
2857 32
3665 1070
3042 563
2313 81
1009 90
3608 2339
3372 1725
979 890
993 2028
115 2056
3727 1154
2557 810
1393 484
3203 2384
3808 2117
150 1559
1056 1909
690 1349
234 663
2148 2529
1592 2091
512 1871
1015 1142
2145 992
336 2615
738 283
608 321
3509 990
227 1606
2173 1878
624 1501
3792 523
2824 801
3380 1585
3271 560
157 494
3998 601
2562 1187
2148 2625
1279 114
943 296
2691 2359
3929 1688
1372 1093
2474 233
3920 2217
3295 1788
584 873
1811 1664
3795 1194
1280 2417
721 2092
1794 87
3372 2513
788 2063
2942 1463
1084 1647
558 2449
3313 484
430 2527
100 2003
1480 939
2896 2223
3403 1256
1500 1179
3465 2602
3462 157
1472 753
1847 1162
1814 1853
1921 2332
4044 1051
1835 1224
388 823
2507 158
3884 1195
807 1352
3323 578
773 300
1046 1543
822 1129
2949 1690
220 1321
3339 1660
638 2623
2603 422
3353 924
3156 1935
2525 1460
1871 1740
3335 2540
557 2570
2560 2043
1338 2611
1644 2045
2954 597
845 880
3427 32
709 546
333 1026
3599 2110
61 1866
3120 1073
2702 1223
1454 2267
1714 1599
1180 1105
3203 1798
1432 2511
2188 197
758 1931
2274 1079
882 2111
3683 2240
1576 1227
3456 671
3325 2286
1668 1391
579 2186
1360 831
3425 1828
740 255
301 1474
1319 2046
3773 2636
1922 2033
786 1939
2880 2351
1466 1127
3884 1703
587 1520
3655 244
3998 915
3767 1218
2326 669
267 2062
2925 1066
333 1476
3200 1517
3127 24
135 2374
2291 1188
3451 1862
3100 2323
1160 2411
3861 688
3938 269
3749 1618
219 1572
4036 1857
2682 807
222 2275
713 50
896 1479
3423 592
3175 1736
2481 2212
370 307
3655 2062
759 2316
99 1910
45 1496
1807 2588
3785 1332
708 1865
1587 140
3545 331
3421 916
2815 1738
1999 1368
566 2145
1591 2130
3253 2160
3957 664
2085 2044
3380 2555
2090 2521
3454 2141
3431 36
2535 2636
1026 1277
1466 247
166 429
3475 2360
2890 1523
503 709
139 1822
3982 535
2450 1887
2267 814
1325 1106
2528 2615
1998 1555
2648 589
645 2526
427 758
3979 1188
385 95
2848 1521
612 2071
72 1971
179 706
1035 1818
2996 183
2984 239
2373 852
2032 7
2147 2404
4005 450
2492 1557
3935 342
55 1902
2418 2475
2158 463
2825 2198
3047 2584
1939 1562
2218 1175
2821 76
114 1587
168 1863
2002 395
843 1316
1083 1369
325 52
2862 11
3406 625
3850 2459
1617 2624
159 1580
1054 1661
3283 1964
111 1406
2926 1531
3227 996
2635 784
3631 1134
3245 1510
1690 2491
1549 1168
1602 1087
2607 1158
1586 2603
2488 1083
824 811
2338 717
2952 2389
1529 1848
2839 1476
1931 2454
1087 1510
3021 2620
2211 1026
1798 743
560 1333
63 188
3559 968
1545 2440
2710 2181
2147 124
546 439
2570 349
469 410
992 1467
334 1017
1647 1906
660 2185
3153 770
1869 1560
1741 2348
2926 1831
2129 396
1167 992
2913 2564
1278 1579
2358 2311
3136 1791
1899 1166
3446 1765
3690 453
127 1134
3284 957
2496 1367
3841 1738
1307 1910
1662 2213
1822 1537
3651 386
3869 1738
3659 1548
3353 850
793 98
1530 1155
407 540
1150 53
3733 1940
2382 647
1546 745
1045 1212
2772 2265
539 1408
2946 2221
1060 2457
3057 1059
1436 687
1993 994
69 1680
1875 704
1625 446
2960 525
1536 2025
1267 2168
935 1220
3557 1716
2893 1166
2676 1629
2725 2192
2142 2407
226 2069
1971 2468
3241 2500
1418 2515
2413 1030
1954 1645
2772 567
2552 2513
2105 1316
42 1725
1216 1763
210 1695
568 1427
101 884
1386 529
2105 574
3432 995
3641 1640
816 423
936 175
3809 2266
1204 1155
2747 1420
3511 2414
211 2070
3930 2401
3577 134
2363 1114
1695 2136
1390 2263
706 1819
3144 1703
208 2067
386 567
2409 1240
937 2004
1841 342
816 883
1799 372
777 2412
683 1244
463 1418
2168 1737
2604 1387
2877 2612
231 2114
945 1946
2438 1659
3467 1182
875 1698
2945 378
1811 1470
2327 126
171 2018
2687 1960
2861 2036
1407 2194
2046 395
1419 2114
2599 452
2409 1044
1789 512
2658 1749
114 1093
287 554
1098 1453
848 1181
561 1612
1992 1765
3377 2516
2761 566
1284 1189
2815 2470
1968 2595
3412 2447
570 1435
1899 836
915 648
3128 2257
540 647
616 1843
1500 2513
1362 1905
1869 2412
2921 2082
2742 493
3220 1445
3248 1253
2146 197
2944 1391
3500 2107
1076 513
3991 84
50 1211
1442 1143
1974 1177
835 546
1160 313
2854 617
2699 1258
3875 1032
740 1219
1906 2379
2376 1177
2970 1313
4049 2606
3784 2443
1537 1326
3805 742
3475 1238
3067 216
994 745
3118 1883
2075 1084
3246 2579
1028 1053
2685 1122
279 2068
3244 683
3896 2061
1164 1967
589 632
1917 2346
1134 1641
584 1697
1723 624
1800 2593
1969 1692
84 477
11 1974
625 2132
183 1442
294 2537
2652 1945
55 306
2858 2203
1552 499
2963 1650
1715 952
101 1986
1292 383
2126 2621
673 76
1022 2497
109 2172
2282 2613
2622 1939
3675 8
1440 1359
3113 128
799 74
1755 934
1583 2116
1597 120
3294 1159
1342 1809
1729 1030
2149 2500
2322 1203
412 2383
3308 171
1300 179
327 2222
1105 116
863 442
1416 1959
2269 2022
2687 1302
3137 1435
3501 176
2784 885
984 627
326 1095
3209 8
776 341
1401 1202
1214 1875
3304 897
4039 280
93 12
3234 755
1113 2492
991 1274
2938 247
3229 2386
3662 1301
398 51
1427 1028
3588 1629
1393 452
184 2393
575 1978
2988 1147
2486 231
1621 2606
3587 1566
3579 528
3232 1103
2031 630
359 1826
85 1122
3846 421
4027 1742
528 551
285 2054
315 2628
2266 819
4019 2004
502 469
3881 186
2808 989
2422 2575
1883 1086
3407 1502
3099 914
610 1103
1323 1832
3906 933
2670 1293
212 1183
3760 1907
1412 1991
1540 2421
3077 1660
2236 2011
3827 1542
1471 548
969 1462
2208 801
2839 718
1851 1676
1395 466
2065 442
786 2183
3452 391
3264 2503
3463 2272
3888 583
19 2468
2726 1561
1523 818
1316 693
2543 286
968 1371
103 426
2258 1499
1624 2583
1322 103
3989 254
111 790
2911 292
3667 694
3841 614
2973 1070
2407 2574
1800 81
2726 937
3598 391
2691 1846
3978 2257
652 69
2356 2473
1230 2323
891 1900
3628 967
1694 1845
1485 864
2283 1940
3644 1979
2403 1888
3051 408
1391 1344
3810 2541
1634 2303
3953 1008
3311 1642
2918 2615
2548 1193
2965 404
894 1671
2115 962
1569 1554
1522 1875
3170 1867
3954 713
2320 479
1213 2590
3061 1164
4034 1065
2470 1077
163 1454
322 87
3873 2458
1785 1924
2168 209
1189 402
2320 1681
3945 684
1131 328
3477 724
380 1519
1980 523
2305 1222
320 649
3795 872
1938 1755
4015 1902
907 1030
1606 687
1417 1650
2724 2533
2283 2087
508 489
2683 2580
440 697
1601 480
1261 1442
2165 2590
3898 239
1131 122
1555 1776
1274 2193
599 160
2454 1339
3741 1494
1282 2425
1702 807
2341 2578
756 235
521 1486
2378 1463
3375 2604
1199 1476
3325 1668
2302 2179
2744 1251
1948 1453
1516 273
1711 1330
3001 2576
2008 387
955 1270
960 1171
2289 2600
365 2402
913 128
1638 211
1442 279
2246 593
2612 139
3522 2025
439 342
3565 1218
3896 1841
3400 547
3501 570
2694 2583
2918 1429
193 226
1546 2064
4012 219
2281 224
3493 2188
427 824
1737 2160
3984 2185
2436 1325
1640 1811
3644 913
560 167
651 584
1299 298
1858 501
1746 2395
1466 61
3204 1007
1247 1690
364 1465
3383 866
1903 2314
451 1528
849 2602
2272 2477
3841 2422
1385 1295
2005 1460
1664 1111
319 496
2655 470
3471 1346
269 660
3902 301
3214 1235
3014 1021
1016 529
3416 917
648 941
3577 560
3611 1602
512 1457
2187 1226
2290 1765
346 2427
3897 258
3873 1842
1215 2054
3443 1846
3597 2510
2022 1353
3580 2573
1748 2357
2415 1670
3050 883
464 2561
3872 675
1416 1193
1309 1746
2087 996
1929 766
703 2560
1135 2184
1701 1250
1572 1761
3091 2256
3395 224
2896 1961
1465 2287
2318 47
1240 791
1627 2272
3770 2207
1619 984
3316 2579
3199 126
2021 1968
608 2381
3416 355
3292 1133
4001 2080
175 2226
2614 2245
2523 1348
2577 1274
3435 634
1559 754
3839 2386
3584 1055
995 1865
3990 41
2546 239
1469 780
1271 938
2471 2600
56 2185
3704 1829
3701 2276
3833 444
2351 562
2850 557
2420 2257
524 1178
4026 1795
988 61
303 540
1960 319
1028 233
1640 2507
737 2118
2306 309
182 1833
126 2627
2543 392
2121 1812
3157 2230
1516 751
59 448
3313 1276
1004 1673
2263 186
3368 1147
726 1989
1670 889
3594 1105
895 2220
39 2298
82 1635
870 759
882 419
2553 884
1094 2353
3110 1545
2238 1347
3439 918
1670 437
1141 1932
3438 2107
87 1530
997 814
1598 2533
2309 1678
2541 2522
2858 1083
2607 1665
2129 1892
1987 1710
3345 828
397 1507
1238 2197
1332 1273
1553 1052
3679 602
2600 417
143 1860
2356 2397
992 2625
3991 1744
2772 1149
3128 1173
3441 114
3064 1747
1591 928
481 518
1738 1605
3727 1246
1537 1896
635 1480
2055 1490
2139 924
2554 2195
3892 2531
3770 2197
1740 723
3809 2636
1434 1119
1093 56
2111 532
453 986
1513 1580
2074 681
503 1058
2586 2113
3278 1213
1391 378
926 547
3540 1109
1550 2149
3442 1649
2667 622
1214 149
3520 821
513 455
312 2053
251 2470
72 895
1372 1985
3501 2226
1831 2282
1270 1213
1297 2445
957 398
3922 1777
1742 295
2029 1848
2640 789
3422 541
2998 933
659 148
2434 2375
1376 1141
2782 173
252 225
2232 1299
1661 86
2811 1224
2447 2000
2196 927
3571 1466
1578 597
887 564
586 651
2452 471
2930 1625
1336 2001
2227 2362
3210 1965
1763 2006
696 1205
1082 781
1020 2141
4031 374
1564 1495
456 2099
2229 1146
3323 2068
1853 1908
283 428
3121 1372
2541 2580
3352 2339
3950 591
807 1646
451 1340
2074 67
2477 1770
1688 2499
3401 2204
1178 1759
115 646
2462 1551
2744 107
2292 1727
39 128
2199 1428
789 1404
174 1307
844 735
3614 1029
3893 334
3419 2412
2728 817
403 594
3012 105
2863 1980
659 2202
3166 831
1198 87
2911 1254
2866 471
3331 565
2353 2336
826 977
403 2386
538 41
1379 2420
1330 1765
1603 46
1532 357
1474 1595
4004 1341
394 887
124 1548
2376 581
3065 1676
3863 304
1408 1949
3189 2004
3510 2611
2301 184
1912 1001
2569 1694
212 2197
2258 1715
1470 1857
1535 42
1691 1646
273 156
2622 2297
3210 1193
1426 365
830 1451
1307 1266
1236 1897
3671 888
210 1905
514 525
215 2344
2388 333
1038 2179
1434 163
2752 2179
946 2187
1862 937
2546 1053
3338 1115
287 1350
122 2250
489 1436
3904 717
3525 980
232 853
1327 780
1633 502
473 1100
2483 2315
1833 2178
3260 2441
2423 1728
2175 2320
3657 2344
1187 1750
551 2358
3921 1600
531 1788
1562 641
687 532
4031 860
2012 363
2245 1668
1547 1354
55 2160
1019 236
2024 915
2261 1012
3712 867
1406 1877
163 2316
2225 1508
3056 2413
3254 1021
1195 1028
2522 169
189 2442
192 379
3021 1344
245 1114
2742 1983
2858 819
1770 2115
3596 2443
162 749
1451 504
3892 2295
3194 329
1799 1804
2113 1986
270 525
2398 1257
3615 1544
1570 1511
1721 84
944 2375
3488 1805
2157 2020
2298 495
3027 1126
52 1737
301 1132
595 2564
3852 1567
865 452
2045 1514
2492 2415
2850 445
151 484
1280 2165
2476 1663
819 2088
153 998
1469 1600
3450 603
2028 951
2380 717
1513 1080
225 776
3674 1345
869 2001
793 386
3861 780
1043 1338
1658 1587
3951 1034
1310 335
900 937
2540 2603
155 2076
1933 122
2092 271
408 1133
2044 2539
1835 592
3365 494
2046 531
102 1485
92 2521
2488 1041
1570 1207
3911 918
1458 305
3106 391
813 874
2218 1267
3797 858
2131 546
842 1391
2365 1156
3283 110
963 1842
1076 2207
3058 813
1554 655
1877 2314
1807 604
993 518
1801 364
3632 783
3132 1319
786 401
1058 63
1811 68
167 1266
3953 2314
2741 428
11 2570
1322 2609
3407 220
2090 606
780 1635
3463 2616
2962 83
1406 1779
3526 999
2491 1382
1868 1907
783 774
2661 1500
2403 196
1560 2257
2615 2050
2791 632
3182 1895
579 232
883 188
1902 1409
2273 2530
1894 115
1711 2552
2628 579
1414 2073
3478 1073
2317 1586
88 749
3043 1214
2988 1797
1313 1674
254 1869
672 733
270 327
1083 818
78 703
1697 16
3774 245
2540 789
1644 1029
2603 2154
862 167
2011 382
2521 54
3066 2195
1710 1981
2650 421
2336 1497
4043 1196
2137 2378
3676 641
2125 1142
2767 360
2035 1228
3317 60
1162 351
2898 1037
1128 1003
3227 70
3402 1655
1049 784
2126 1223
1538 1739
3261 1668
1090 869
607 1484
1208 1711
2261 714
3641 1426
1367 14
3660 2337
3239 1744
2900 819
3155 1500
3994 2419
2775 470
2623 222
943 1218
3726 2027
3968 1547
3490 649
456 1675
3149 406
989 494
1693 988
3008 433
3445 1392
2333 540
3289 218
1885 1890
2625 720
686 667
3823 328
755 1468
873 274
2352 393
226 77
2635 158
1227 902
1744 2013
1708 2171
572 801
3066 1953
2376 869
593 160
3948 619
878 1443
2089 546
3580 427
477 2176
328 1127
909 468
2572 2531
2849 2028
926 203
2953 420
4008 1161
1712 2369
3008 1601
2172 25
2362 2187
1706 901
3578 207
1540 327
1879 772
1054 1579
409 1746
1427 496
2120 1721
981 1688
3498 2439
1511 2064
1220 2159
2235 2228
1292 2151
2034 2141
2647 2096
2258 2577
3843 1560
1516 1221
3729 2560
3840 1361
268 1689
2597 1482
1214 351
3328 1245
1320 1223
3259 1462
351 1456
2912 85
3506 539
2498 1051
3991 2610
89 1356
3785 2250
544 483
576 2445
2174 951
3712 2535
3536 221
3690 1875
89 510
2988 409
2833 1114
3094 573
118 43
2232 873
1670 1275
3620 1117
3912 1365
3913 2622
666 2591
3108 329
379 816
534 513
3389 635
3711 1282
1846 1643
4011 1640
4009 650
3831 644
599 2144
2094 1395
3676 971
1347 228
3938 1131
1105 1630
2584 1493
3806 1361
562 2109
3392 73
1607 1350
2877 598
2353 62
1045 1050
1838 713
1327 1982
2419 972
1788 2109
2460 227
2025 450
758 379
3668 2253
2837 1296
3482 719
1814 629
2296 1759
3467 660
3715 1856
3578 2401
1006 11
2650 1501
3591 1516
2182 269
1041 1022
3886 73
1000 2571
2472 375
310 1609
786 601
2175 1060
1804 281
1715 2634
276 2573
2741 246
2069 46
1384 2065
3560 1115
3401 474
2906 175
192 2523
3777 2262
361 728
2803 1974
590 1779
1048 1463
3146 2265
2856 721
2630 2219
3544 1989
908 1249
1457 682
3946 1857
685 402
1980 1339
1884 165
3975 1188
1787 100
1771 1718
1542 2051
1901 1514
2293 2134
2166 635
3595 258
3299 1190
1086 429
804 537
349 1438
1026 1339
2312 1737
1818 445
1819 700
976 827
1136 1909
179 2092
3359 1148
272 214
2095 1190
412 1919
2872 1225
3315 2424
2491 1432
2413 732
1938 987
3102 2437
1780 1745
250 2055
496 2245
2937 986
215 294
282 507
55 1888
2530 405
912 1911
3722 1001
3366 2105
930 311
4000 641
542 447
839 2318
559 788
481 2494
3634 109
1753 2144
2195 1058
2157 888
3695 332
1785 2312
1774 2409
3705 1840
2667 60
249 1570
3061 2404
2445 2470
1738 1467
400 377
264 1003
1273 1780
948 763
2623 1416
3518 977
3054 1649
3168 839
3554 1535
3057 2324
1428 247
1656 449
2362 1689
14 697
2681 2244
1747 398
1914 1263
1124 2028
3653 2354
3834 43
2670 559
198 2591
302 2503
508 1025
1054 1693
3026 1439
2500 2481
3455 1212
3189 86
2393 1598
2645 1474
1037 2010
547 1880
1140 1721
2878 1321
1808 249
2293 1408
1842 807
3296 1061
2066 2447
2070 1857
1537 156
3706 845
1793 858
2329 1562
2191 392
2014 335
544 425
1920 1973
3030 785
3264 1247
2184 2185
3362 75
3934 1537
654 1009
193 1314
2732 1981
2970 921
3268 1931
2563 2174
61 826
972 587
1419 2380
2708 1197
3509 2372
2003 2570
723 566
1702 1315
2557 2448
623 850
1088 609
2410 2343
1026 1357
1365 1172
116 261
4014 1601
1270 1927
3727 2464
1662 729
263 448
658 1269
925 656
3670 2245
2191 2620
1814 655
586 1479
1128 2081
1252 593
3293 2054
1979 2242
256 2299
539 1238
1091 994
3270 2111
3987 2618
2033 2068
3745 1930
3109 1632
1104 323
1896 1015
3955 2128
3615 1022
1056 193
3785 108
1948 2615
541 1096
2153 1938
1967 1660
1837 1692
3992 1241
1733 1746
2570 1859
687 1668
1674 1135
3673 1186
871 2632
1641 2636
3450 2057
2131 2128
2512 107
3662 755
1580 2385
2520 201
37 1682
2832 1423
944 1473
2075 1038
813 1596
3917 464
3374 43
1348 2063
3935 14
1923 1612
2783 1366
894 2409
2357 1514
1035 548
1621 1162
3794 2415
8 789
2569 714
1313 198
3578 2037
2 1079
671 342
2988 737
1678 1827
3152 367
7 1994
3328 2197
1947 1692
672 145
650 2371
2950 1821
2061 1786
2580 2309
517 2404
3512 285
3774 1529
345 2240
3379 2394
3606 1519
164 1497
3752 2307
129 446
3990 961
742 1903
1135 1612
486 1791
1237 1354
2801 1130
2441 1884
1680 192
202 469
1196 2311
1821 1066
1030 1945
1462 2389
2545 702
3613 2461
2043 1164
1165 1006
3658 2051
344 1991
3139 2370
107 1106
801 1732
3284 577
164 2221
3152 2073
3697 2530
474 925
3404 2285
3945 1942
35 406
3930 1513
3499 2398
987 2252
3946 1189
2505 1886
767 1866
1751 1510
1105 2122
3969 2294
3192 1981
127 2386
213 1956
1483 550
2799 446
2896 423
1979 1452
3439 2130
2450 11
1388 1805
1863 2502
3378 989
2349 1758
162 977
2330 427
1209 2116
1551 612
1242 1537
3385 706
3389 2514
1268 109
1014 1711
508 327
2961 2620
2258 23
1274 1229
2089 616
1553 810
2136 1709
40 2115
3376 1447
2420 2319
3518 2629
3823 990
2220 955
2854 1361
3639 191
3981 2576
417 786
1798 1687
3324 1933
2045 954
2292 2439
3411 1302
3846 1357
3539 1336
2004 719
3617 920
2853 1298
3616 2599
1245 740
580 795
3040 963
1511 2204
259 750
1287 1844
2087 2490
2933 355
151 1322
3678 2021
3822 677
1340 7
796 461
1014 1143
3706 1741
664 2377
713 648
3974 619
3738 1161
319 130
3996 1065
2464 1917
2839 1932
4020 1483
1293 1670
559 1980
3808 397
1948 1649
886 191
1581 1646
3303 2408
3635 1486
3827 956
989 360
182 391
928 2245
1753 1942
1546 2385
1993 386
3027 1420
303 794
1267 1410
1723 2034
723 1510
1989 456
2105 496
1339 662
362 717
2805 1564
3443 2286
765 1980
3492 2505
1873 1632
1369 2266
2875 1334
3059 102
2543 2024
1585 788
991 338
1804 1075
3883 64
893 1250
2125 564
791 1120
2022 315
1461 300
2955 2340
864 1363
2218 1418
1901 1638
800 2475
748 1761
4030 1383
1845 2042
942 1101
3045 182
3676 605
864 271
281 1364
1280 2301
94 1743
1467 1350
1396 745
3648 915
2157 346
3266 1635
1770 781
2991 1780
1617 484
2840 2019
1962 1157
1032 21
1832 625
3888 2205
3885 1414
1548 975
758 837
3231 2044
144 491
1530 1731
824 1229
1929 1592
1296 5
1849 2390
933 1594
537 2058
3900 359
2757 1370
232 2079
534 2239
3251 1838
3557 1350
3328 2555
146 165
224 337
3617 1196
2578 287
2715 440
1640 1323
723 194
292 2187
2956 2523
3070 2463
3057 664
2411 638
1792 1031
240 271
3416 805
1033 2258
2144 487
1778 2627
2866 2439
3614 2217
1795 614
2085 1498
3739 686
3438 355
237 874
971 144
3370 601
2242 267
675 1544
3000 1149
66 617
3267 1694
3740 1439
608 2453
3049 1076
2918 2531
635 852
3138 1255
2746 103
704 2407
2776 1261
2048 2483
3952 2299
2834 715
1630 2211
411 660
2054 1225
1705 1426
1613 1822
660 379
750 619
3756 717
690 597
252 119
3317 1010
3640 1945
1985 290
1871 2096
2509 168
1318 2021
64 2209
2173 52
3295 528
584 1741
595 2300
3282 61
3689 1184
2877 1262
957 680
3213 2080
3156 1369
2971 732
3450 337
2565 954
3761 492
1731 2536
1597 298
2079 626
552 1451
626 2579
3395 370
2519 126
1838 17
3609 1370
2767 1032
1529 450
469 1946
1793 1966
3679 2302
3604 909
2892 1571
1807 198
3023 1672
3291 1802
1200 1401
259 2634
3993 1586
3702 649
358 815
225 934
675 1362
3666 377
3349 1122
1514 1231
130 2249
580 388
1384 879
317 594
802 887
1869 40
3879 1098
3075 2182
1657 216
3528 2299
1970 1243
753 850
2235 1554
2313 1364
2905 1854
2282 1487
3073 1782
3432 1247
1363 40
395 1020
2030 1341
1643 1306
3328 1613
464 2397
1222 1165
622 2075
1931 2580
3669 702
2190 1879
2988 1829
800 403
3664 1211
2670 129
775 612
659 1692
1684 2613
1136 915
2716 1937
753 2066
771 1938
1948 2272
1943 904
395 268
3466 505
754 1043
1907 1862
3488 1223
836 493
725 1224
951 2276
1181 1524
1124 2075
1667 1163
634 2591
2790 1175
