778 581
107 722
580 971
93 199
447 406
36 355
354 201
376 220
546 713
453 123
327 298
236 996
358 869
538 718
268 675
370 277
48 542
368 722
537 626
129 537
401 735
306 598
41 89
348 847
294 273
215 758
112 464
283 436
281 495
541 611
115 719
249 416
564 322
392 64
64 785
260 814
488 321
532 708
41 92
265 674
517 115
503 318
29 385
479 93
251 195
330 176
359 994
531 839
5 793
169 386
561 833
536 411
573 854
307 582
334 452
293 221
333 514
444 439
157 224
330 381
566 674
267 968
34 136
578 568
550 897
140 145
92 616
177 403
515 682
291 426
473 437
109 113
239 651
442 907
355 18
7 636
493 380
312 253
166 412
462 268
318 85
281 738
389 171
253 357
246 272
412 781
19 418
526 968
3 859
537 211
438 626
392 550
246 66
438 511
461 969
100 563
294 56
217 491
353 166
311 260
481 700
267 789
149 253
385 548
410 521
67 432
453 789
55 112
385 536
296 869
306 274
84 785
516 509
393 692
559 129
37 272
511 48
359 431
379 440
310 139
142 536
342 760
523 147
348 980
488 257
95 298
426 802
315 740
458 816
346 594
340 274
63 578
275 972
346 529
48 708
160 381
537 511
549 119
344 413
296 779
162 35
180 169
219 434
191 463
7 395
69 734
376 378
272 770
55 87
403 629
350 48
450 985
521 830
500 87
483 516
411 80
516 796
312 233
226 445
365 833
397 940
426 578
162 199
519 970
312 676
344 358
241 198
486 706
66 132
210 863
571 258
212 96
41 712
68 616
342 58
146 732
312 928
84 901
92 45
563 563
95 513
246 106
511 153
268 667
581 364
441 114
488 289
459 358
516 681
214 399
229 707
203 654
266 582
236 630
173 13
73 171
65 707
253 470
350 592
220 860
142 744
385 21
126 671
392 194
54 755
267 537
513 60
421 722
192 677
12 635
203 698
401 154
27 888
70 192
535 102
25 686
389 167
538 444
398 787
399 811
448 480
446 507
119 351
160 955
228 212
104 815
541 258
535 380
149 421
208 604
147 935
402 392
550 319
198 176
42 536
43 938
103 271
394 426
385 4
506 811
99 339
105 5
190 752
183 517
165 815
338 522
51 790
552 930
63 257
55 893
63 575
70 562
303 255
108 789
209 240
120 897
497 600
23 439
35 893
53 436
2 37
52 375
22 112
350 670
243 907
82 571
150 189
457 502
483 795
39 664
466 242
440 799
294 272
26 235
396 913
429 773
235 732
388 380
16 446
568 140
422 216
80 311
330 292
183 509
377 451
274 951
377 392
579 59
560 617
242 810
396 193
502 130
44 834
270 212
8 818
577 590
439 112
277 680
191 369
484 740
303 682
181 710
283 294
44 907
369 344
143 579
470 690
556 105
355 169
159 782
529 952
476 330
437 458
205 908
445 724
149 886
48 572
576 481
324 750
30 250
19 915
445 245
245 585
391 456
95 173
99 644
239 602
164 3
460 168
125 496
79 397
432 201
393 142
476 272
144 369
142 667
174 391
308 859
108 148
249 53
567 257
278 504
465 481
360 863
234 623
280 897
113 95
211 105
347 183
571 514
41 215
85 559
67 847
4 631
259 987
275 721
201 742
117 753
554 518
32 899
214 680
427 24
192 395
407 851
212 699
388 191
35 680
581 755
56 439
411 311
213 412
189 647
293 767
214 338
332 884
16 744
292 725
124 292
65 480
33 844
269 303
120 302
323 714
180 589
498 78
382 457
238 266
121 237
435 316
324 764
110 410
320 762
317 476
341 666
222 22
167 159
35 733
315 722
328 80
87 864
476 167
77 959
132 592
64 621
124 61
546 800
49 486
557 74
337 695
556 823
57 348
570 355
16 754
288 591
426 465
220 46
477 196
514 418
377 487
340 548
210 978
307 75
33 918
147 185
214 355
244 252
546 849
247 130
192 117
137 762
465 105
489 835
47 765
393 578
369 473
137 543
541 623
240 664
152 586
89 199
255 838
108 856
279 774
169 612
472 35
138 311
295 565
12 712
486 854
312 307
534 586
127 981
250 61
314 137
487 963
337 644
416 695
570 254
550 808
364 506
109 994
249 717
58 188
437 401
323 24
180 261
357 173
72 221
131 737
311 949
148 561
122 269
142 796
454 965
159 794
461 726
262 173
34 653
370 507
511 49
290 867
424 936
283 652
512 18
77 696
403 262
386 211
91 47
460 312
147 740
123 168
90 88
306 642
328 161
383 203
508 777
468 482
238 103
325 427
321 847
124 987
431 70
2 85
348 755
334 462
54 921
3 361
503 492
176 689
479 63
575 239
90 454
490 447
455 980
223 735
304 616
326 407
516 572
113 958
244 380
365 144
58 250
490 445
312 85
311 754
130 302
364 770
44 806
478 1
230 712
570 179
336 755
119 481
212 721
571 380
469 813
81 989
159 561
378 352
23 852
92 258
576 67
99 442
449 927
338 671
99 997
383 423
82 862
537 507
266 703
261 197
248 292
410 666
34 868
133 440
432 783
544 785
203 248
405 618
449 893
537 275
284 954
41 490
458 271
557 893
489 58
59 773
180 615
192 190
417 865
571 950
47 74
419 189
328 717
522 750
225 249
191 774
56 457
282 527
527 784
26 120
510 891
305 732
116 159
554 248
122 462
549 273
525 836
60 228
435 48
156 191
306 859
363 546
113 21
60 193
193 733
413 492
160 144
34 111
348 595
349 565
473 783
355 880
38 360
3 479
519 687
503 488
274 670
260 977
122 351
502 237
255 804
503 682
457 281
471 491
68 659
294 442
529 879
164 507
502 759
452 809
124 881
131 624
566 102
236 130
381 749
148 386
80 266
415 45
23 892
568 605
175 225
507 343
185 766
125 865
75 500
155 416
157 670
462 840
521 788
55 100
306 252
551 723
533 432
410 191
88 188
174 832
106 403
459 702
275 911
522 367
401 244
541 99
129 196
151 170
519 536
540 980
87 189
218 182
500 235
137 290
56 723
142 46
350 709
161 761
336 784
236 978
348 928
168 813
455 787
576 955
509 1
73 535
439 91
546 715
174 458
287 493
559 461
450 519
575 788
261 751
444 205
386 959
332 391
347 179
455 882
291 479
515 416
339 465
164 662
246 496
480 367
442 761
560 328
424 458
314 386
451 198
22 322
299 603
73 17
268 954
216 590
155 584
28 394
160 824
468 598
179 854
347 44
426 97
268 96
541 486
204 278
460 299
103 417
112 772
506 748
342 398
9 333
538 726
208 962
216 738
485 30
137 305
379 41
484 709
164 4
346 824
109 4
130 264
517 467
306 416
553 561
136 96
430 40
185 655
508 940
210 367
380 633
39 928
355 940
59 728
66 777
241 571
337 339
488 310
104 565
341 399
101 726
420 146
84 905
62 626
418 555
398 652
494 570
258 498
82 162
96 103
35 853
367 143
442 167
249 26
193 27
397 557
542 274
560 741
549 372
241 923
175 661
304 895
189 555
500 793
73 705
488 508
431 935
98 804
505 332
319 753
276 603
119 122

