86 76
88 30
3 77
39 20
67 81
63 72
47 8
68 25
14 88
66 54
34 11
55 3
98 73
20 77
30 49
70 18
34 21
17 36
7 78
9 25
86 90
57 96
84 58
29 100
12 26
36 29
85 39
55 68
82 72
93 22
42 3
70 28
84 1
94 90
93 55
10 65
98 30
79 37
67 25
51 43
76 39
43 5
70 83
48 86
9 8
49 81
83 84
55 73
83 58
34 59
98 32
4 58
96 46
29 90
56 60
80 83
93 90
3 78
31 65
40 52
26 82
60 100
73 92
51 30
93 92
60 71
36 55
36 95
46 4
64 47
13 59
87 97
27 27
66 71
26 6
35 33
3 18
45 12
90 80
43 21
54 66
9 47
92 38
43 47
21 69
89 53
17 9
