849 621
869 394
340 331
451 399
283 281
356 44
74 260
280 721
127 734
214 950
264 782
79 729
612 91
265 265
720 59
544 339
697 490
838 780
965 231
443 663
292 49
687 167
888 124
224 317
714 435
703 789
125 345
628 464
103 219
210 997
513 411
657 836
579 480
773 785
423 333
137 233
87 129
134 906
9 168
881 551
650 380
435 821
633 383
544 846
120 633
964 78
406 809
651 517
877 722
693 403
756 869
140 469
379 37
171 337
958 976
398 348
702 452
767 782
106 555
281 844
103 42
704 822
75 353
18 370
382 523
206 541
170 210
345 286
166 127
208 504
293 156
328 761
426 730
478 997
113 479
752 269
233 804
780 354
94 908
404 520
385 463
201 244
372 388
601 56
303 482
708 187
916 971
408 209
55 671
440 182
916 556
176 538
828 657
442 795
306 930
455 92
400 167
659 104
174 324
220 478
553 924
469 474
238 806
12 244
68 388
240 320
954 163
988 698
677 843
866 405
508 160
122 922
686 491
732 211
502 522
115 928
969 119
992 228
23 630
236 349
138 388
795 738
459 684
586 859
990 994
936 678
859 159
935 234
578 691
941 622
587 66
541 69
978 106
306 596
711 673
797 908
934 108
275 216
765 832
491 947
176 161
546 620
631 381
741 229
641 74
811 139
504 892
131 867
659 72
757 729
830 436
916 986
240 676
511 708
88 190
220 511
892 545
565 427
825 918
294 5
208 23
207 993
645 196
388 885
247 966
281 212
495 178
274 962
399 54
890 944
48 768
958 218
603 690
1000 985
129 466
843 50
290 835
242 722
862 597
697 814
60 609
273 315
655 516
590 705
576 828
488 627
621 417
294 426
136 194
148 697
820 483
81 321
570 675
718 629
272 244
781 439
830 847
815 775
961 62
492 332
963 764
324 997
162 845
230 873
946 762
516 420
930 978
545 292
747 664
540 548
525 743
674 340
363 766
335 762
115 620
694 214
462 344
593 310
272 542
610 989
575 903
51 548
344 870
546 350
482 658
99 446
548 84
277 423
147 55
782 739
852 250
154 333
304 366
354 507
265 173
297 710
162 682
806 192
309 172
626 40
914 192
853 664
405 242
370 639
965 765
715 815
136 974
309 159
98 301
509 665
212 573
350 2
307 836
654 930
68 118
372 156
32 238
894 890
356 147
767 976
431 684
775 590
437 921
509 866
530 873
970 32
542 366
43 425
228 693
363 552
798 486
819 950
572 541
511 527
933 711
232 751
239 548
397 564
604 547
265 833
439 326
771 87
618 211
774 566
273 485
731 257
182 628
889 43
151 766
176 39
154 969
434 898
805 865
435 195
92 42
339 37
582 760
917 899
653 392
218 209
316 296
659 391
567 736
53 218
774 636
522 507
317 493
717 948
255 662
582 285
762 541
193 356
850 37
522 15
451 704
633 979
153 450
144 57
702 260
532 664
217 274
672 383
545 625
825 251
203 149
269 457
298 36
721 184
560 135
770 564
23 730
216 286
425 158
343 906
960 61
189 316
404 656
444 45
217 562
178 976
752 119
456 391
31 647
127 389
526 415
669 495
572 951
351 516
764 121
767 806
913 201
435 919
904 636
134 149
763 360
920 288
649 654
108 151
992 114
145 757
409 666
320 138
61 329
91 665
536 682
65 708
710 580
449 548
765 986
462 66
203 109
69 307
960 539
601 65
142 385
40 33
680 63
554 518
463 433
475 633
342 354
713 731
968 438
224 147
837 132
14 24
50 610
221 153
572 878
788 213
590 511
129 859
812 565
983 546
570 29
35 594
653 509
672 457
450 880
265 448
270 351
433 129
961 820
611 183
182 705
271 921
29 944
509 418
28 649
400 338
477 289
903 858
751 295
835 268
178 380
996 441
611 549
914 815
934 665
265 805
436 973
695 483
538 380
540 694
426 745
536 820
856 316
529 73
279 372
101 979
856 193
161 769
993 294
581 815
754 162
843 846
982 174
194 58
911 933
630 162
485 966
279 673
668 288
897 798
528 233
576 573
659 71
64 311
684 26
141 579
43 203
495 197
935 855
200 800
66 677
519 329
323 702
907 665
35 49
120 249
55 256
893 990
695 724
246 130
949 824
644 563
68 600
316 152
283 334
868 321
770 282
419 582
724 380
162 755
123 413
120 627
365 697
878 540
655 225
844 691
395 718
40 561
843 480
60 82
754 328
578 588
417 659
183 645
133 942
447 775
518 471
913 288
155 396
296 832
538 622
309 682
869 870
432 254
362 314
18 791
434 208
46 784
301 754
679 4
39 393
162 135
381 979
303 148
759 713
135 948
618 593
495 930
382 448
132 602
966 587
372 927
506 178
354 320
214 839
266 907
274 548
680 571
850 223
123 271
47 276
89 273
345 339
832 456
153 55
21 447
397 577
786 671
767 737
119 19
395 355
629 654
794 676
659 440
927 51
426 880
573 200
579 552
941 806
432 2
107 806
745 841
969 384
368 918
603 485
744 830
541 19
408 42
65 361
458 559
570 877
460 924
597 879
454 777
825 728
556 353
887 961
989 664
569 476
357 677
226 891
862 860
515 360
830 498
313 206
367 507
55 39
744 766
186 627
105 815
335 395
472 355
744 754
460 283
675 112
122 921
949 30
939 778
714 331
797 787
928 530
76 534
740 634
963 152
897 968
58 747
52 490
492 14
784 348
653 209
169 78
244 181
512 84
789 222
860 842
557 752
101 288
583 709
220 146
431 70
253 479
255 94
763 480
750 194
957 354
213 609
634 905
754 256
33 701
13 45
17 974
911 811
637 713
954 258
782 766
827 489
325 936
246 250
205 349
682 851
338 839
112 175
854 286
683 856
52 474
380 861
925 774
178 798
662 368
852 665
261 537
854 855
152 164
831 629
716 959
288 933
165 466
697 270
883 473
529 389
545 914
241 27
471 528
162 447
713 744
985 263
751 732
831 379
949 485
266 942
190 180
875 717
460 792
528 810
289 324
462 864
138 284
68 707
887 222
967 251
433 845
837 578
102 762
207 412
276 613
856 92
122 443
792 304
283 362
569 733
921 48
190 287
487 314
28 983
424 192
604 736
468 514
715 934
937 742
570 32
179 200
923 981
636 416
538 78
505 859
379 682
88 674
246 330
204 924
912 459
548 189
575 741
997 907
905 609
174 193
962 144
767 147
511 71
725 442
506 45
229 231
224 79
625 299
537 361
63 657
136 118
551 867
221 246
608 502
997 66
485 993
617 99
630 529
372 936
279 221
974 168
19 174
938 427
411 356
367 889
723 255
411 816
269 369
211 971
202 105
499 549
99 61
539 265
372 933
124 850
777 359
234 940
955 126
850 842
511 100
360 850
134 287
640 93
337 222
262 821
722 764
834 921
273 603
785 916
436 161
545 166
492 76
43 84
442 255
79 692
625 473
179 959
25 133
627 230
879 362
96 812
28 506
906 103
985 837
836 354
344 343
725 325
897 923
987 876
1000 125
697 107
785 669
500 571
876 779
503 384
442 429
146 477
296 253
444 736
200 596
971 449
74 860
876 690
860 552
469 291
406 672
497 125
311 323
578 118
188 735
6 626
229 940
640 819
775 634
89 12
377 776
879 185
934 869
168 570
114 769
741 711
407 310
514 731
726 874
103 718
958 148
703 679
956 774
205 598
5 247
428 759
636 405
229 360
513 75
509 77
767 684
408 943
628 418
987 167
722 980
132 56
552 59
259 295
350 533
442 677
67 494
982 181
475 891
166 294
766 578
684 352
139 398
386 169
863 506
140 607
658 218
158 845
885 67
293 866
522 941
450 965
199 947
703 425
267 681
669 349
153 37
161 630
436 455
160 169
452 252
266 232
