518 413
45 629
143 999
974 970
342 927
223 333
353 220
108 451
429 219
543 435
459 399
615 226
114 531
544 886
861 289
716 810
611 69
336 491
754 621
824 861
348 902
561 193
370 279
911 52
108 303
434 492
700 433
862 559
439 390
632 155
498 916
471 962
861 538
164 597
747 883
391 16
211 866
314 224
868 919
114 792
708 528
559 742
23 201
565 21
686 213
142 141
400 448
375 63
604 210
38 889
848 260
351 852
230 726
833 329
25 720
582 129
557 49
612 193
998 443
931 896
685 93
153 176
231 672
472 323
167 430
541 463
424 973
41 448
823 172
952 566
691 618
7 849
30 953
485 934
434 98
339 897
23 859
50 466
589 770
560 363
403 137
408 726
848 726
237 4
886 9
708 781
168 460
9 115
183 828
756 645
406 660
639 338
159 779
514 97
906 884
127 40
39 15
688 417
919 516
315 508
420 380
31 418
444 294
375 655
226 986
745 724
481 83
369 397
250 844
294 24
417 103
65 884
489 371
401 466
606 464
556 20
312 304
510 170
359 622
471 244
763 785
187 283
995 148
725 632
943 628
16 965
730 121
230 31
970 156
464 139
687 187
573 492
124 660
194 762
269 888
689 932
442 976
740 92
444 16
218 570
174 273
906 179
520 22
159 962
647 518
335 399
554 535
65 638
208 635
444 901
318 377
809 705
286 931
404 134
114 903
54 57
529 970
642 294
45 915
470 342
683 807
562 872
777 767
817 255
378 88
445 857
237 269
82 572
705 487
392 596
653 342
596 829
926 241
438 300
436 52
155 974
49 826
909 239
681 702
872 29
20 231
382 685
289 1000
425 463
370 747
782 377
649 621
285 81
591 611
146 124
2 61
314 737
62 192
893 878
696 731
627 267
537 797
44 210
743 689
36 63
164 849
194 929
913 188
555 705
831 176
157 354
459 962
611 769
173 659
676 407
720 329
914 618
862 21
225 102
665 318
937 655
971 874
17 440
58 29
809 641
123 55
177 670
186 55
973 72
509 585
898 112
366 541
946 962
535 491
807 787
750 12
904 797
703 120
121 513
869 740
164 329
442 448
578 818
910 674
774 465
799 6
96 400
117 239
657 872
407 127
658 38
521 399
826 670
610 509
427 605
70 402
374 818
246 852
332 55
85 777
193 361
811 813
532 420
248 894
52 963
963 135
409 517
223 728
407 719
112 719
51 536
268 573
902 993
863 272
620 652
935 860
868 704
547 215
512 596
186 173
545 471
890 777
187 982
714 995
254 28
114 190
104 800
870 224
633 333
628 643
317 304
480 415
212 906
45 745
70 539
998 956
340 541
889 449
751 928
900 865
1 522
253 214
378 493
55 691
839 426
106 81
314 283
458 887
532 356
444 299
889 336
904 963
758 541
365 540
340 412
61 849
71 193
235 739
590 525
576 894
146 617
464 42
477 90
830 407
963 41
32 553
380 622
207 463
307 191
102 863
222 137
283 615
558 303
985 309
148 139
689 965
7 319
748 567
153 846
375 253
17 134
335 388
112 499
886 793
838 265
631 399
575 254
407 448
553 201
501 953
676 950
288 323
304 203
441 422
518 588
16 574
255 91
513 155
959 896
851 726
129 830
160 430
782 416
94 394
624 412
426 4
837 233
997 725
170 622
580 305
955 713
883 93
621 50
29 695
700 154
868 813
75 573
695 866
894 211
81 667
810 923
486 722
647 350
265 172
365 654
591 472
356 543
144 574
329 650
583 960
84 720
596 636
857 963
62 319
423 421
651 121
797 744
802 508
31 323
925 204
230 538
850 693
667 613
375 494
158 825
217 347
695 988
29 282
595 599
807 902
17 866
762 439
30 676
857 728
897 599
996 267
311 645
746 675
368 194
801 564
633 960
702 720
959 608
761 633
265 777
440 330
802 399
785 499
779 602
570 102
158 875
469 125
322 362
126 484
500 221
332 1
502 413
956 435
310 892
302 780
611 433
281 89
943 982
30 27
635 813
971 986
337 874
31 695
719 985
401 446
209 117
327 868
89 547
209 627
526 550
302 278
575 292
67 959
488 789
73 453
441 713
260 236
658 287
21 350
875 690
84 68
954 685
78 492
507 253
128 16
351 489
325 814
712 319
313 5
733 361
695 558
680 937
261 283
824 797
870 428
680 930
872 928
468 270
834 424
17 438
566 743
655 287
844 242
292 713
204 210
800 663
223 623
844 86
273 652
44 776
316 745
932 269
514 346
617 916
898 600
841 532
583 674
322 972
669 406
569 874
317 483
920 601
54 918
373 27
603 463
719 817
557 901
888 654
303 194
4 450
657 72
900 728
150 30
519 356
318 214
678 987
697 224
587 791
563 469
